--- gdfonts.h.orig	Sat Mar 14 01:30:29 1998
+++ gdfonts.h	Fri Aug 14 16:22:18 1998
@@ -4,11 +4,12 @@
 
 /*
 	This is a header file for gd font, generated using
-	bdftogd version 0.5 by Jan Pazdziora, adelton@fi.muni.cz
+	bdftogd version 0.51 by Jan Pazdziora, adelton@fi.muni.cz
 	from bdf font
-	-misc-fixed-medium-r-semicondensed-sans-12-116-75-75-c-60-iso8859-2
-	at Thu Jan  8 14:13:20 1998.
-	No copyright info was found in the original bdf.
+	-Cronyx-Courier-Medium-R-Normal--10-100-75-75-M-60-KOI8-R
+	at Fri Aug 14 16:21:53 1998.
+	The original bdf was holding following copyright:
+	"Copyright (C) 1990, 1991 EWT Consulting, Portions Copyright (C) 1996-1997 by Andrey A. Chernov, Moscow, Russia."
  */
 
 
--- gdfonts.c.orig	Sat Mar 14 01:30:26 1998
+++ gdfonts.c	Fri Aug 14 16:22:18 1998
@@ -1,11 +1,12 @@
 
 /*
 	This is a header file for gd font, generated using
-	bdftogd version 0.5 by Jan Pazdziora, adelton@fi.muni.cz
+	bdftogd version 0.51 by Jan Pazdziora, adelton@fi.muni.cz
 	from bdf font
-	-misc-fixed-medium-r-semicondensed-sans-12-116-75-75-c-60-iso8859-2
-	at Thu Jan  8 14:13:20 1998.
-	No copyright info was found in the original bdf.
+	-Cronyx-Courier-Medium-R-Normal--10-100-75-75-M-60-KOI8-R
+	at Fri Aug 14 16:21:53 1998.
+	The original bdf was holding following copyright:
+	"Copyright (C) 1990, 1991 EWT Consulting, Portions Copyright (C) 1996-1997 by Andrey A. Chernov, Moscow, Russia."
  */
 
 
@@ -25,105 +26,37 @@
 0,0,0,0,0,0,
 0,0,0,0,0,0,
 0,0,0,0,0,0,
-0,0,0,0,0,0,
 
 /* Char 1 */
 0,0,0,0,0,0,
 0,0,0,0,0,0,
 0,0,0,0,0,0,
 0,0,0,0,0,0,
-0,0,1,0,0,0,
-0,1,1,1,0,0,
-1,1,1,1,1,0,
-0,1,1,1,0,0,
-0,0,1,0,0,0,
-0,0,0,0,0,0,
 0,0,0,0,0,0,
 0,0,0,0,0,0,
 0,0,0,0,0,0,
-
-/* Char 2 */
 0,0,0,0,0,0,
-0,1,0,1,0,1,
-1,0,1,0,1,0,
-0,1,0,1,0,1,
-1,0,1,0,1,0,
-0,1,0,1,0,1,
-1,0,1,0,1,0,
-0,1,0,1,0,1,
-1,0,1,0,1,0,
-0,1,0,1,0,1,
-1,0,1,0,1,0,
-0,1,0,1,0,1,
-1,0,1,0,1,0,
-
-/* Char 3 */
 0,0,0,0,0,0,
 0,0,0,0,0,0,
 0,0,0,0,0,0,
-1,0,1,0,0,0,
-1,0,1,0,0,0,
-1,1,1,0,0,0,
-1,0,1,0,0,0,
-1,0,1,0,0,0,
-0,0,1,1,1,0,
-0,0,0,1,0,0,
-0,0,0,1,0,0,
-0,0,0,1,0,0,
 0,0,0,0,0,0,
 
-/* Char 4 */
+/* Char 2 */
 0,0,0,0,0,0,
 0,0,0,0,0,0,
 0,0,0,0,0,0,
-1,1,1,0,0,0,
-1,0,0,0,0,0,
-1,1,0,0,0,0,
-1,0,0,0,0,0,
-1,0,1,1,1,0,
-0,0,1,0,0,0,
-0,0,1,1,0,0,
-0,0,1,0,0,0,
-0,0,1,0,0,0,
 0,0,0,0,0,0,
-
-/* Char 5 */
 0,0,0,0,0,0,
 0,0,0,0,0,0,
 0,0,0,0,0,0,
-0,1,1,1,0,0,
-1,0,0,0,0,0,
-1,0,0,0,0,0,
-0,1,1,1,0,0,
-0,1,1,1,0,0,
-0,1,0,0,1,0,
-0,1,1,1,0,0,
-0,1,0,1,0,0,
-0,1,0,0,1,0,
 0,0,0,0,0,0,
-
-/* Char 6 */
 0,0,0,0,0,0,
 0,0,0,0,0,0,
 0,0,0,0,0,0,
-1,0,0,0,0,0,
-1,0,0,0,0,0,
-1,0,0,0,0,0,
-1,1,1,0,0,0,
-0,0,1,1,1,0,
-0,0,1,0,0,0,
-0,0,1,1,0,0,
-0,0,1,0,0,0,
-0,0,1,0,0,0,
 0,0,0,0,0,0,
 
-/* Char 7 */
-0,0,0,0,0,0,
+/* Char 3 */
 0,0,0,0,0,0,
-0,1,1,0,0,0,
-1,0,0,1,0,0,
-1,0,0,1,0,0,
-0,1,1,0,0,0,
 0,0,0,0,0,0,
 0,0,0,0,0,0,
 0,0,0,0,0,0,
@@ -131,105 +64,46 @@
 0,0,0,0,0,0,
 0,0,0,0,0,0,
 0,0,0,0,0,0,
-
-/* Char 8 */
 0,0,0,0,0,0,
 0,0,0,0,0,0,
 0,0,0,0,0,0,
 0,0,0,0,0,0,
-0,0,1,0,0,0,
-0,0,1,0,0,0,
-1,1,1,1,1,0,
-0,0,1,0,0,0,
-0,0,1,0,0,0,
+
+/* Char 4 */
 0,0,0,0,0,0,
-1,1,1,1,1,0,
 0,0,0,0,0,0,
 0,0,0,0,0,0,
-
-/* Char 9 */
 0,0,0,0,0,0,
 0,0,0,0,0,0,
 0,0,0,0,0,0,
-1,0,0,0,1,0,
-1,1,0,0,1,0,
-1,0,1,0,1,0,
-1,0,0,1,1,0,
-1,0,0,0,1,0,
-0,0,1,0,0,0,
-0,0,1,0,0,0,
-0,0,1,0,0,0,
-0,0,1,1,1,1,
 0,0,0,0,0,0,
-
-/* Char 10 */
 0,0,0,0,0,0,
 0,0,0,0,0,0,
 0,0,0,0,0,0,
-1,0,0,0,1,0,
-1,0,0,0,1,0,
-0,1,0,1,0,0,
-0,0,1,0,0,0,
 0,0,0,0,0,0,
-1,1,1,1,1,0,
-0,0,1,0,0,0,
-0,0,1,0,0,0,
-0,0,1,0,0,0,
 0,0,0,0,0,0,
 
-/* Char 11 */
-0,0,1,0,0,0,
-0,0,1,0,0,0,
-0,0,1,0,0,0,
-0,0,1,0,0,0,
-0,0,1,0,0,0,
-0,0,1,0,0,0,
-1,1,1,0,0,0,
+/* Char 5 */
 0,0,0,0,0,0,
 0,0,0,0,0,0,
 0,0,0,0,0,0,
 0,0,0,0,0,0,
 0,0,0,0,0,0,
 0,0,0,0,0,0,
-
-/* Char 12 */
 0,0,0,0,0,0,
 0,0,0,0,0,0,
 0,0,0,0,0,0,
 0,0,0,0,0,0,
 0,0,0,0,0,0,
 0,0,0,0,0,0,
-1,1,1,0,0,0,
-0,0,1,0,0,0,
-0,0,1,0,0,0,
-0,0,1,0,0,0,
-0,0,1,0,0,0,
-0,0,1,0,0,0,
-0,0,1,0,0,0,
 
-/* Char 13 */
+/* Char 6 */
 0,0,0,0,0,0,
 0,0,0,0,0,0,
 0,0,0,0,0,0,
 0,0,0,0,0,0,
 0,0,0,0,0,0,
 0,0,0,0,0,0,
-0,0,1,1,1,1,
-0,0,1,0,0,0,
-0,0,1,0,0,0,
-0,0,1,0,0,0,
-0,0,1,0,0,0,
-0,0,1,0,0,0,
-0,0,1,0,0,0,
-
-/* Char 14 */
-0,0,1,0,0,0,
-0,0,1,0,0,0,
-0,0,1,0,0,0,
-0,0,1,0,0,0,
-0,0,1,0,0,0,
-0,0,1,0,0,0,
-0,0,1,1,1,1,
 0,0,0,0,0,0,
 0,0,0,0,0,0,
 0,0,0,0,0,0,
@@ -237,25 +111,9 @@
 0,0,0,0,0,0,
 0,0,0,0,0,0,
 
-/* Char 15 */
-0,0,1,0,0,0,
-0,0,1,0,0,0,
-0,0,1,0,0,0,
-0,0,1,0,0,0,
-0,0,1,0,0,0,
-0,0,1,0,0,0,
-1,1,1,1,1,1,
-0,0,1,0,0,0,
-0,0,1,0,0,0,
-0,0,1,0,0,0,
-0,0,1,0,0,0,
-0,0,1,0,0,0,
-0,0,1,0,0,0,
-
-/* Char 16 */
+/* Char 7 */
 0,0,0,0,0,0,
 0,0,0,0,0,0,
-1,1,1,1,1,1,
 0,0,0,0,0,0,
 0,0,0,0,0,0,
 0,0,0,0,0,0,
@@ -267,12 +125,11 @@
 0,0,0,0,0,0,
 0,0,0,0,0,0,
 
-/* Char 17 */
+/* Char 8 */
 0,0,0,0,0,0,
 0,0,0,0,0,0,
 0,0,0,0,0,0,
 0,0,0,0,0,0,
-1,1,1,1,1,1,
 0,0,0,0,0,0,
 0,0,0,0,0,0,
 0,0,0,0,0,0,
@@ -282,14 +139,13 @@
 0,0,0,0,0,0,
 0,0,0,0,0,0,
 
-/* Char 18 */
+/* Char 9 */
 0,0,0,0,0,0,
 0,0,0,0,0,0,
 0,0,0,0,0,0,
 0,0,0,0,0,0,
 0,0,0,0,0,0,
 0,0,0,0,0,0,
-1,1,1,1,1,1,
 0,0,0,0,0,0,
 0,0,0,0,0,0,
 0,0,0,0,0,0,
@@ -297,7 +153,7 @@
 0,0,0,0,0,0,
 0,0,0,0,0,0,
 
-/* Char 19 */
+/* Char 10 */
 0,0,0,0,0,0,
 0,0,0,0,0,0,
 0,0,0,0,0,0,
@@ -306,13 +162,12 @@
 0,0,0,0,0,0,
 0,0,0,0,0,0,
 0,0,0,0,0,0,
-1,1,1,1,1,1,
 0,0,0,0,0,0,
 0,0,0,0,0,0,
 0,0,0,0,0,0,
 0,0,0,0,0,0,
 
-/* Char 20 */
+/* Char 11 */
 0,0,0,0,0,0,
 0,0,0,0,0,0,
 0,0,0,0,0,0,
@@ -323,168 +178,72 @@
 0,0,0,0,0,0,
 0,0,0,0,0,0,
 0,0,0,0,0,0,
-1,1,1,1,1,1,
 0,0,0,0,0,0,
 0,0,0,0,0,0,
 
-/* Char 21 */
-0,0,1,0,0,0,
-0,0,1,0,0,0,
-0,0,1,0,0,0,
-0,0,1,0,0,0,
-0,0,1,0,0,0,
-0,0,1,0,0,0,
-0,0,1,1,1,1,
-0,0,1,0,0,0,
-0,0,1,0,0,0,
-0,0,1,0,0,0,
-0,0,1,0,0,0,
-0,0,1,0,0,0,
-0,0,1,0,0,0,
-
-/* Char 22 */
-0,0,1,0,0,0,
-0,0,1,0,0,0,
-0,0,1,0,0,0,
-0,0,1,0,0,0,
-0,0,1,0,0,0,
-0,0,1,0,0,0,
-1,1,1,0,0,0,
-0,0,1,0,0,0,
-0,0,1,0,0,0,
-0,0,1,0,0,0,
-0,0,1,0,0,0,
-0,0,1,0,0,0,
-0,0,1,0,0,0,
-
-/* Char 23 */
-0,0,1,0,0,0,
-0,0,1,0,0,0,
-0,0,1,0,0,0,
-0,0,1,0,0,0,
-0,0,1,0,0,0,
-0,0,1,0,0,0,
-1,1,1,1,1,1,
+/* Char 12 */
 0,0,0,0,0,0,
 0,0,0,0,0,0,
 0,0,0,0,0,0,
 0,0,0,0,0,0,
 0,0,0,0,0,0,
 0,0,0,0,0,0,
-
-/* Char 24 */
 0,0,0,0,0,0,
 0,0,0,0,0,0,
 0,0,0,0,0,0,
 0,0,0,0,0,0,
 0,0,0,0,0,0,
 0,0,0,0,0,0,
-1,1,1,1,1,1,
-0,0,1,0,0,0,
-0,0,1,0,0,0,
-0,0,1,0,0,0,
-0,0,1,0,0,0,
-0,0,1,0,0,0,
-0,0,1,0,0,0,
-
-/* Char 25 */
-0,0,1,0,0,0,
-0,0,1,0,0,0,
-0,0,1,0,0,0,
-0,0,1,0,0,0,
-0,0,1,0,0,0,
-0,0,1,0,0,0,
-0,0,1,0,0,0,
-0,0,1,0,0,0,
-0,0,1,0,0,0,
-0,0,1,0,0,0,
-0,0,1,0,0,0,
-0,0,1,0,0,0,
-0,0,1,0,0,0,
 
-/* Char 26 */
+/* Char 13 */
+0,0,0,0,0,0,
+0,0,0,0,0,0,
 0,0,0,0,0,0,
 0,0,0,0,0,0,
 0,0,0,0,0,0,
-0,0,0,0,1,0,
-0,0,0,1,0,0,
-0,0,1,0,0,0,
-0,1,0,0,0,0,
-0,0,1,0,0,0,
-0,0,0,1,0,0,
-0,0,0,0,1,0,
-0,1,1,1,1,0,
 0,0,0,0,0,0,
 0,0,0,0,0,0,
-
-/* Char 27 */
 0,0,0,0,0,0,
 0,0,0,0,0,0,
 0,0,0,0,0,0,
-1,0,0,0,0,0,
-0,1,0,0,0,0,
-0,0,1,0,0,0,
-0,0,0,1,0,0,
-0,0,1,0,0,0,
-0,1,0,0,0,0,
-1,0,0,0,0,0,
-1,1,1,1,0,0,
 0,0,0,0,0,0,
 0,0,0,0,0,0,
 
-/* Char 28 */
+/* Char 14 */
 0,0,0,0,0,0,
 0,0,0,0,0,0,
 0,0,0,0,0,0,
 0,0,0,0,0,0,
 0,0,0,0,0,0,
-1,1,1,1,1,0,
-0,1,0,1,0,0,
-0,1,0,1,0,0,
-0,1,0,1,0,0,
-0,1,0,1,0,0,
-1,0,0,1,0,0,
 0,0,0,0,0,0,
 0,0,0,0,0,0,
-
-/* Char 29 */
 0,0,0,0,0,0,
 0,0,0,0,0,0,
 0,0,0,0,0,0,
 0,0,0,0,0,0,
 0,0,0,0,0,0,
-0,0,0,0,1,0,
-1,1,1,1,1,0,
-0,0,1,0,0,0,
-1,1,1,1,1,0,
-1,0,0,0,0,0,
+
+/* Char 15 */
+0,0,0,0,0,0,
+0,0,0,0,0,0,
+0,0,0,0,0,0,
+0,0,0,0,0,0,
 0,0,0,0,0,0,
 0,0,0,0,0,0,
 0,0,0,0,0,0,
-
-/* Char 30 */
 0,0,0,0,0,0,
 0,0,0,0,0,0,
 0,0,0,0,0,0,
-0,0,1,1,0,0,
-0,1,0,0,1,0,
-0,1,0,0,0,0,
-1,1,1,0,0,0,
-0,1,0,0,0,0,
-0,1,0,0,0,0,
-0,1,0,0,1,0,
-1,0,1,1,0,0,
 0,0,0,0,0,0,
 0,0,0,0,0,0,
 
-/* Char 31 */
+/* Char 16 */
 0,0,0,0,0,0,
 0,0,0,0,0,0,
 0,0,0,0,0,0,
 0,0,0,0,0,0,
 0,0,0,0,0,0,
 0,0,0,0,0,0,
-0,0,1,0,0,0,
 0,0,0,0,0,0,
 0,0,0,0,0,0,
 0,0,0,0,0,0,
@@ -492,8 +251,7 @@
 0,0,0,0,0,0,
 0,0,0,0,0,0,
 
-/* Char 32 */
-0,0,0,0,0,0,
+/* Char 17 */
 0,0,0,0,0,0,
 0,0,0,0,0,0,
 0,0,0,0,0,0,
@@ -507,103 +265,54 @@
 0,0,0,0,0,0,
 0,0,0,0,0,0,
 
-/* Char 33 */
+/* Char 18 */
 0,0,0,0,0,0,
 0,0,0,0,0,0,
 0,0,0,0,0,0,
-0,0,1,0,0,0,
-0,0,1,0,0,0,
-0,0,1,0,0,0,
-0,0,1,0,0,0,
-0,0,1,0,0,0,
-0,0,1,0,0,0,
 0,0,0,0,0,0,
-0,0,1,0,0,0,
 0,0,0,0,0,0,
 0,0,0,0,0,0,
-
-/* Char 34 */
 0,0,0,0,0,0,
 0,0,0,0,0,0,
 0,0,0,0,0,0,
-0,1,0,1,0,0,
-0,1,0,1,0,0,
-0,1,0,1,0,0,
 0,0,0,0,0,0,
 0,0,0,0,0,0,
 0,0,0,0,0,0,
+
+/* Char 19 */
 0,0,0,0,0,0,
 0,0,0,0,0,0,
 0,0,0,0,0,0,
 0,0,0,0,0,0,
-
-/* Char 35 */
 0,0,0,0,0,0,
 0,0,0,0,0,0,
 0,0,0,0,0,0,
 0,0,0,0,0,0,
-0,1,0,1,0,0,
-0,1,0,1,0,0,
-1,1,1,1,1,0,
-0,1,0,1,0,0,
-1,1,1,1,1,0,
-0,1,0,1,0,0,
-0,1,0,1,0,0,
 0,0,0,0,0,0,
 0,0,0,0,0,0,
-
-/* Char 36 */
 0,0,0,0,0,0,
 0,0,0,0,0,0,
+
+/* Char 20 */
+0,0,0,0,0,0,
 0,0,0,0,0,0,
-0,0,1,0,0,0,
-0,1,1,1,1,0,
-1,0,1,0,0,0,
-1,0,1,0,0,0,
-0,1,1,1,0,0,
-0,0,1,0,1,0,
-0,0,1,0,1,0,
-1,1,1,1,0,0,
-0,0,1,0,0,0,
 0,0,0,0,0,0,
-
-/* Char 37 */
 0,0,0,0,0,0,
 0,0,0,0,0,0,
-0,1,0,0,1,0,
-1,0,1,0,1,0,
-0,1,0,1,0,0,
-0,0,0,1,0,0,
-0,0,1,0,0,0,
-0,1,0,0,0,0,
-0,1,0,1,0,0,
-1,0,1,0,1,0,
-1,0,0,1,0,0,
 0,0,0,0,0,0,
 0,0,0,0,0,0,
-
-/* Char 38 */
 0,0,0,0,0,0,
 0,0,0,0,0,0,
 0,0,0,0,0,0,
-0,1,0,0,0,0,
-1,0,1,0,0,0,
-1,0,1,0,0,0,
-0,1,0,0,0,0,
-1,0,1,0,0,0,
-1,0,0,1,1,0,
-1,0,0,1,0,0,
-0,1,1,0,1,0,
 0,0,0,0,0,0,
 0,0,0,0,0,0,
 
-/* Char 39 */
+/* Char 21 */
+0,0,0,0,0,0,
+0,0,0,0,0,0,
 0,0,0,0,0,0,
 0,0,0,0,0,0,
 0,0,0,0,0,0,
-0,0,1,1,0,0,
-0,0,1,0,0,0,
-0,1,0,0,0,0,
 0,0,0,0,0,0,
 0,0,0,0,0,0,
 0,0,0,0,0,0,
@@ -612,67 +321,37 @@
 0,0,0,0,0,0,
 0,0,0,0,0,0,
 
-/* Char 40 */
+/* Char 22 */
 0,0,0,0,0,0,
 0,0,0,0,0,0,
 0,0,0,0,0,0,
-0,0,0,1,0,0,
-0,0,1,0,0,0,
-0,1,0,0,0,0,
-0,1,0,0,0,0,
-0,1,0,0,0,0,
-0,1,0,0,0,0,
-0,0,1,0,0,0,
-0,0,0,1,0,0,
 0,0,0,0,0,0,
 0,0,0,0,0,0,
-
-/* Char 41 */
 0,0,0,0,0,0,
 0,0,0,0,0,0,
 0,0,0,0,0,0,
-0,1,0,0,0,0,
-0,0,1,0,0,0,
-0,0,0,1,0,0,
-0,0,0,1,0,0,
-0,0,0,1,0,0,
-0,0,0,1,0,0,
-0,0,1,0,0,0,
-0,1,0,0,0,0,
 0,0,0,0,0,0,
 0,0,0,0,0,0,
-
-/* Char 42 */
 0,0,0,0,0,0,
 0,0,0,0,0,0,
+
+/* Char 23 */
 0,0,0,0,0,0,
-0,0,1,0,0,0,
-1,0,1,0,1,0,
-0,1,1,1,0,0,
-0,0,1,0,0,0,
-0,1,1,1,0,0,
-1,0,1,0,1,0,
-0,0,1,0,0,0,
 0,0,0,0,0,0,
 0,0,0,0,0,0,
 0,0,0,0,0,0,
-
-/* Char 43 */
 0,0,0,0,0,0,
 0,0,0,0,0,0,
 0,0,0,0,0,0,
 0,0,0,0,0,0,
-0,0,1,0,0,0,
-0,0,1,0,0,0,
-1,1,1,1,1,0,
-0,0,1,0,0,0,
-0,0,1,0,0,0,
 0,0,0,0,0,0,
 0,0,0,0,0,0,
 0,0,0,0,0,0,
 0,0,0,0,0,0,
 
-/* Char 44 */
+/* Char 24 */
+0,0,0,0,0,0,
+0,0,0,0,0,0,
 0,0,0,0,0,0,
 0,0,0,0,0,0,
 0,0,0,0,0,0,
@@ -682,12 +361,9 @@
 0,0,0,0,0,0,
 0,0,0,0,0,0,
 0,0,0,0,0,0,
-0,0,1,1,0,0,
-0,0,1,0,0,0,
-0,1,0,0,0,0,
 0,0,0,0,0,0,
 
-/* Char 45 */
+/* Char 25 */
 0,0,0,0,0,0,
 0,0,0,0,0,0,
 0,0,0,0,0,0,
@@ -695,14 +371,14 @@
 0,0,0,0,0,0,
 0,0,0,0,0,0,
 0,0,0,0,0,0,
-1,1,1,1,1,0,
 0,0,0,0,0,0,
 0,0,0,0,0,0,
 0,0,0,0,0,0,
 0,0,0,0,0,0,
 0,0,0,0,0,0,
 
-/* Char 46 */
+/* Char 26 */
+0,0,0,0,0,0,
 0,0,0,0,0,0,
 0,0,0,0,0,0,
 0,0,0,0,0,0,
@@ -712,1324 +388,1402 @@
 0,0,0,0,0,0,
 0,0,0,0,0,0,
 0,0,0,0,0,0,
-0,0,1,1,0,0,
-0,0,1,1,0,0,
 0,0,0,0,0,0,
 0,0,0,0,0,0,
 
-/* Char 47 */
+/* Char 27 */
 0,0,0,0,0,0,
 0,0,0,0,0,0,
 0,0,0,0,0,0,
-0,0,0,0,1,0,
-0,0,0,0,1,0,
-0,0,0,1,0,0,
-0,0,0,1,0,0,
-0,0,1,0,0,0,
-0,1,0,0,0,0,
-0,1,0,0,0,0,
-1,0,0,0,0,0,
-1,0,0,0,0,0,
 0,0,0,0,0,0,
-
-/* Char 48 */
 0,0,0,0,0,0,
 0,0,0,0,0,0,
 0,0,0,0,0,0,
-0,0,1,0,0,0,
-0,1,0,1,0,0,
-1,0,0,0,1,0,
-1,0,0,0,1,0,
-1,0,0,0,1,0,
-1,0,0,0,1,0,
-0,1,0,1,0,0,
-0,0,1,0,0,0,
 0,0,0,0,0,0,
 0,0,0,0,0,0,
-
-/* Char 49 */
 0,0,0,0,0,0,
 0,0,0,0,0,0,
 0,0,0,0,0,0,
-0,0,1,0,0,0,
-0,1,1,0,0,0,
-1,0,1,0,0,0,
-0,0,1,0,0,0,
-0,0,1,0,0,0,
-0,0,1,0,0,0,
-0,0,1,0,0,0,
-1,1,1,1,1,0,
+
+/* Char 28 */
 0,0,0,0,0,0,
 0,0,0,0,0,0,
-
-/* Char 50 */
 0,0,0,0,0,0,
 0,0,0,0,0,0,
 0,0,0,0,0,0,
-0,1,1,1,0,0,
-1,0,0,0,1,0,
-0,0,0,0,1,0,
-0,0,0,1,0,0,
-0,0,1,0,0,0,
-0,1,0,0,0,0,
-1,0,0,0,0,0,
-1,1,1,1,1,0,
 0,0,0,0,0,0,
 0,0,0,0,0,0,
-
-/* Char 51 */
 0,0,0,0,0,0,
 0,0,0,0,0,0,
 0,0,0,0,0,0,
-0,1,1,1,0,0,
-1,0,0,0,1,0,
-0,0,0,0,1,0,
-0,0,1,1,0,0,
-0,0,0,0,1,0,
-0,0,0,0,1,0,
-1,0,0,0,1,0,
-0,1,1,1,0,0,
 0,0,0,0,0,0,
 0,0,0,0,0,0,
 
-/* Char 52 */
-0,0,0,0,0,0,
+/* Char 29 */
 0,0,0,0,0,0,
 0,0,0,0,0,0,
-0,0,0,1,0,0,
-0,0,1,1,0,0,
-0,1,0,1,0,0,
-1,0,0,1,0,0,
-1,0,0,1,0,0,
-1,1,1,1,1,0,
-0,0,0,1,0,0,
-0,0,0,1,0,0,
 0,0,0,0,0,0,
 0,0,0,0,0,0,
-
-/* Char 53 */
 0,0,0,0,0,0,
 0,0,0,0,0,0,
 0,0,0,0,0,0,
-1,1,1,1,1,0,
-1,0,0,0,0,0,
-1,1,1,1,0,0,
-1,0,0,0,1,0,
-0,0,0,0,1,0,
-0,0,0,0,1,0,
-1,0,0,0,1,0,
-0,1,1,1,0,0,
 0,0,0,0,0,0,
 0,0,0,0,0,0,
-
-/* Char 54 */
 0,0,0,0,0,0,
 0,0,0,0,0,0,
 0,0,0,0,0,0,
-0,0,1,1,1,0,
-0,1,0,0,0,0,
-1,0,0,0,0,0,
-1,1,1,1,0,0,
-1,0,0,0,1,0,
-1,0,0,0,1,0,
-1,0,0,0,1,0,
-0,1,1,1,0,0,
+
+/* Char 30 */
 0,0,0,0,0,0,
 0,0,0,0,0,0,
-
-/* Char 55 */
 0,0,0,0,0,0,
 0,0,0,0,0,0,
 0,0,0,0,0,0,
-1,1,1,1,1,0,
-0,0,0,0,1,0,
-0,0,0,1,0,0,
-0,0,0,1,0,0,
-0,0,1,0,0,0,
-0,0,1,0,0,0,
-0,1,0,0,0,0,
-0,1,0,0,0,0,
 0,0,0,0,0,0,
 0,0,0,0,0,0,
-
-/* Char 56 */
 0,0,0,0,0,0,
 0,0,0,0,0,0,
 0,0,0,0,0,0,
-0,1,1,1,0,0,
-1,0,0,0,1,0,
-1,0,0,0,1,0,
-0,1,1,1,0,0,
-1,0,0,0,1,0,
-1,0,0,0,1,0,
-1,0,0,0,1,0,
-0,1,1,1,0,0,
 0,0,0,0,0,0,
 0,0,0,0,0,0,
 
-/* Char 57 */
+/* Char 31 */
 0,0,0,0,0,0,
 0,0,0,0,0,0,
 0,0,0,0,0,0,
-0,1,1,1,0,0,
-1,0,0,0,1,0,
-1,0,0,0,1,0,
-1,0,0,0,1,0,
-0,1,1,1,1,0,
-0,0,0,0,1,0,
-0,0,0,1,0,0,
-1,1,1,0,0,0,
 0,0,0,0,0,0,
 0,0,0,0,0,0,
-
-/* Char 58 */
 0,0,0,0,0,0,
 0,0,0,0,0,0,
 0,0,0,0,0,0,
 0,0,0,0,0,0,
 0,0,0,0,0,0,
-0,0,1,1,0,0,
-0,0,1,1,0,0,
 0,0,0,0,0,0,
 0,0,0,0,0,0,
-0,0,1,1,0,0,
-0,0,1,1,0,0,
+
+/* Char 32 */
+0,0,0,0,0,0,
+0,0,0,0,0,0,
 0,0,0,0,0,0,
 0,0,0,0,0,0,
-
-/* Char 59 */
 0,0,0,0,0,0,
 0,0,0,0,0,0,
 0,0,0,0,0,0,
 0,0,0,0,0,0,
 0,0,0,0,0,0,
-0,0,1,1,0,0,
-0,0,1,1,0,0,
 0,0,0,0,0,0,
 0,0,0,0,0,0,
-0,0,1,1,0,0,
-0,0,1,0,0,0,
-0,1,0,0,0,0,
 0,0,0,0,0,0,
 
-/* Char 60 */
+/* Char 33 */
 0,0,0,0,0,0,
 0,0,0,0,0,0,
-0,0,0,0,1,0,
 0,0,0,1,0,0,
-0,0,1,0,0,0,
-0,1,0,0,0,0,
-1,0,0,0,0,0,
-0,1,0,0,0,0,
-0,0,1,0,0,0,
 0,0,0,1,0,0,
-0,0,0,0,1,0,
+0,0,0,1,0,0,
+0,0,0,1,0,0,
+0,0,0,1,0,0,
+0,0,0,0,0,0,
+0,0,1,1,0,0,
+0,0,1,1,0,0,
 0,0,0,0,0,0,
 0,0,0,0,0,0,
 
-/* Char 61 */
+/* Char 34 */
+0,0,0,0,0,0,
+0,0,0,0,0,0,
+0,0,1,0,1,0,
+0,0,1,0,1,0,
+0,0,1,0,1,0,
 0,0,0,0,0,0,
 0,0,0,0,0,0,
 0,0,0,0,0,0,
 0,0,0,0,0,0,
 0,0,0,0,0,0,
-1,1,1,1,1,0,
 0,0,0,0,0,0,
 0,0,0,0,0,0,
-1,1,1,1,1,0,
+
+/* Char 35 */
 0,0,0,0,0,0,
 0,0,0,0,0,0,
+0,0,1,0,1,0,
+0,0,1,0,1,0,
+0,1,1,1,1,1,
+0,0,1,0,1,0,
+0,0,1,0,1,0,
+0,1,1,1,1,1,
+0,0,1,0,1,0,
+0,0,1,0,1,0,
 0,0,0,0,0,0,
 0,0,0,0,0,0,
 
-/* Char 62 */
+/* Char 36 */
 0,0,0,0,0,0,
 0,0,0,0,0,0,
-1,0,0,0,0,0,
+0,0,0,1,0,0,
+0,0,1,1,1,0,
+0,1,0,0,0,1,
 0,1,0,0,0,0,
-0,0,1,0,0,0,
+0,0,1,1,1,0,
+0,0,0,0,0,1,
+0,1,0,0,0,1,
+0,0,1,1,1,0,
 0,0,0,1,0,0,
-0,0,0,0,1,0,
+0,0,0,0,0,0,
+
+/* Char 37 */
+0,0,0,0,0,0,
+0,0,0,0,0,0,
+0,1,0,0,0,0,
+1,0,1,0,0,1,
+0,1,0,0,1,0,
 0,0,0,1,0,0,
 0,0,1,0,0,0,
-0,1,0,0,0,0,
-1,0,0,0,0,0,
+0,1,0,0,1,0,
+1,0,0,1,0,1,
+0,0,0,0,1,0,
 0,0,0,0,0,0,
 0,0,0,0,0,0,
 
-/* Char 63 */
-0,0,0,0,0,0,
+/* Char 38 */
 0,0,0,0,0,0,
 0,0,0,0,0,0,
-0,1,1,1,0,0,
-1,0,0,0,1,0,
-0,0,0,0,1,0,
-0,0,0,1,0,0,
-0,0,1,0,0,0,
-0,0,1,0,0,0,
-0,0,0,0,0,0,
-0,0,1,0,0,0,
+0,0,1,1,1,0,
+0,1,0,0,0,0,
+0,1,0,0,0,0,
+0,0,1,1,0,0,
+0,1,0,1,0,1,
+0,1,0,0,1,0,
+0,1,0,0,1,0,
+0,0,1,1,0,1,
 0,0,0,0,0,0,
 0,0,0,0,0,0,
 
-/* Char 64 */
+/* Char 39 */
 0,0,0,0,0,0,
 0,0,0,0,0,0,
+0,0,0,1,0,0,
+0,0,0,1,0,0,
+0,0,0,1,0,0,
+0,0,0,0,0,0,
 0,0,0,0,0,0,
-0,1,1,1,0,0,
-1,0,0,0,1,0,
-1,0,0,1,1,0,
-1,0,1,0,1,0,
-1,0,1,0,1,0,
-1,0,1,1,0,0,
-1,0,0,0,0,0,
-0,1,1,1,1,0,
 0,0,0,0,0,0,
 0,0,0,0,0,0,
-
-/* Char 65 */
 0,0,0,0,0,0,
 0,0,0,0,0,0,
 0,0,0,0,0,0,
+
+/* Char 40 */
+0,0,0,0,0,0,
+0,0,0,0,0,0,
+0,0,0,0,1,0,
+0,0,0,1,0,0,
+0,0,0,1,0,0,
 0,0,1,0,0,0,
-0,1,0,1,0,0,
-1,0,0,0,1,0,
-1,0,0,0,1,0,
-1,1,1,1,1,0,
-1,0,0,0,1,0,
-1,0,0,0,1,0,
-1,0,0,0,1,0,
+0,0,1,0,0,0,
+0,0,1,0,0,0,
+0,0,1,0,0,0,
+0,0,0,1,0,0,
+0,0,0,1,0,0,
+0,0,0,0,1,0,
+
+/* Char 41 */
 0,0,0,0,0,0,
 0,0,0,0,0,0,
+0,0,1,0,0,0,
+0,0,0,1,0,0,
+0,0,0,1,0,0,
+0,0,0,0,1,0,
+0,0,0,0,1,0,
+0,0,0,0,1,0,
+0,0,0,0,1,0,
+0,0,0,1,0,0,
+0,0,0,1,0,0,
+0,0,1,0,0,0,
 
-/* Char 66 */
+/* Char 42 */
 0,0,0,0,0,0,
 0,0,0,0,0,0,
+0,0,0,1,0,0,
+0,1,0,1,0,1,
+0,1,0,1,0,1,
+0,0,1,1,1,0,
+0,0,1,0,1,0,
+0,1,0,0,0,1,
+0,0,0,0,0,0,
 0,0,0,0,0,0,
-1,1,1,1,0,0,
-1,0,0,0,1,0,
-1,0,0,0,1,0,
-1,1,1,1,0,0,
-1,0,0,0,1,0,
-1,0,0,0,1,0,
-1,0,0,0,1,0,
-1,1,1,1,0,0,
 0,0,0,0,0,0,
 0,0,0,0,0,0,
 
-/* Char 67 */
+/* Char 43 */
 0,0,0,0,0,0,
 0,0,0,0,0,0,
 0,0,0,0,0,0,
-0,1,1,1,0,0,
-1,0,0,0,1,0,
-1,0,0,0,0,0,
-1,0,0,0,0,0,
-1,0,0,0,0,0,
-1,0,0,0,0,0,
-1,0,0,0,1,0,
-0,1,1,1,0,0,
+0,0,0,1,0,0,
+0,0,0,1,0,0,
+0,0,0,1,0,0,
+0,1,1,1,1,1,
+0,0,0,1,0,0,
+0,0,0,1,0,0,
+0,0,0,1,0,0,
 0,0,0,0,0,0,
 0,0,0,0,0,0,
 
-/* Char 68 */
+/* Char 44 */
+0,0,0,0,0,0,
+0,0,0,0,0,0,
 0,0,0,0,0,0,
 0,0,0,0,0,0,
 0,0,0,0,0,0,
-1,1,1,1,0,0,
-1,0,0,0,1,0,
-1,0,0,0,1,0,
-1,0,0,0,1,0,
-1,0,0,0,1,0,
-1,0,0,0,1,0,
-1,0,0,0,1,0,
-1,1,1,1,0,0,
 0,0,0,0,0,0,
 0,0,0,0,0,0,
+0,0,0,0,0,0,
+0,0,1,1,0,0,
+0,0,1,1,0,0,
+0,0,1,0,0,0,
+0,0,1,0,0,0,
 
-/* Char 69 */
+/* Char 45 */
 0,0,0,0,0,0,
 0,0,0,0,0,0,
 0,0,0,0,0,0,
-1,1,1,1,1,0,
-1,0,0,0,0,0,
-1,0,0,0,0,0,
-1,1,1,1,0,0,
-1,0,0,0,0,0,
-1,0,0,0,0,0,
-1,0,0,0,0,0,
-1,1,1,1,1,0,
 0,0,0,0,0,0,
 0,0,0,0,0,0,
-
-/* Char 70 */
+0,0,0,0,0,0,
+0,1,1,1,1,1,
 0,0,0,0,0,0,
 0,0,0,0,0,0,
 0,0,0,0,0,0,
-1,1,1,1,1,0,
-1,0,0,0,0,0,
-1,0,0,0,0,0,
-1,1,1,1,0,0,
-1,0,0,0,0,0,
-1,0,0,0,0,0,
-1,0,0,0,0,0,
-1,0,0,0,0,0,
 0,0,0,0,0,0,
 0,0,0,0,0,0,
 
-/* Char 71 */
+/* Char 46 */
 0,0,0,0,0,0,
 0,0,0,0,0,0,
 0,0,0,0,0,0,
-0,1,1,1,0,0,
-1,0,0,0,1,0,
-1,0,0,0,0,0,
-1,0,0,0,0,0,
-1,0,0,1,1,0,
-1,0,0,0,1,0,
-1,0,0,0,1,0,
-0,1,1,1,0,0,
 0,0,0,0,0,0,
 0,0,0,0,0,0,
-
-/* Char 72 */
 0,0,0,0,0,0,
 0,0,0,0,0,0,
 0,0,0,0,0,0,
-1,0,0,0,1,0,
-1,0,0,0,1,0,
-1,0,0,0,1,0,
-1,1,1,1,1,0,
-1,0,0,0,1,0,
-1,0,0,0,1,0,
-1,0,0,0,1,0,
-1,0,0,0,1,0,
+0,0,1,1,0,0,
+0,0,1,1,0,0,
 0,0,0,0,0,0,
 0,0,0,0,0,0,
 
-/* Char 73 */
-0,0,0,0,0,0,
+/* Char 47 */
 0,0,0,0,0,0,
 0,0,0,0,0,0,
-0,1,1,1,0,0,
-0,0,1,0,0,0,
-0,0,1,0,0,0,
-0,0,1,0,0,0,
-0,0,1,0,0,0,
+0,0,0,0,0,1,
+0,0,0,0,1,0,
+0,0,0,0,1,0,
+0,0,0,1,0,0,
+0,0,0,1,0,0,
 0,0,1,0,0,0,
 0,0,1,0,0,0,
-0,1,1,1,0,0,
+0,1,0,0,0,0,
 0,0,0,0,0,0,
 0,0,0,0,0,0,
 
-/* Char 74 */
+/* Char 48 */
+0,0,0,0,0,0,
+0,0,0,0,0,0,
+0,0,1,1,1,0,
+0,1,0,0,0,1,
+0,1,0,0,0,1,
+0,1,0,0,0,1,
+0,1,0,0,0,1,
+0,1,0,0,0,1,
+0,1,0,0,0,1,
+0,0,1,1,1,0,
+0,0,0,0,0,0,
 0,0,0,0,0,0,
+
+/* Char 49 */
 0,0,0,0,0,0,
 0,0,0,0,0,0,
 0,0,0,1,0,0,
+0,1,1,1,0,0,
 0,0,0,1,0,0,
 0,0,0,1,0,0,
 0,0,0,1,0,0,
 0,0,0,1,0,0,
 0,0,0,1,0,0,
-1,0,0,1,0,0,
-0,1,1,0,0,0,
+0,1,1,1,1,1,
 0,0,0,0,0,0,
 0,0,0,0,0,0,
 
-/* Char 75 */
-0,0,0,0,0,0,
+/* Char 50 */
 0,0,0,0,0,0,
 0,0,0,0,0,0,
-1,0,0,0,1,0,
-1,0,0,0,1,0,
-1,0,0,1,0,0,
-1,0,1,0,0,0,
-1,1,1,0,0,0,
-1,0,0,1,0,0,
-1,0,0,0,1,0,
-1,0,0,0,1,0,
+0,0,1,1,1,0,
+0,1,0,0,0,1,
+0,0,0,0,0,1,
+0,0,0,0,0,1,
+0,0,0,0,1,0,
+0,0,0,1,0,0,
+0,0,1,0,0,0,
+0,1,1,1,1,1,
 0,0,0,0,0,0,
 0,0,0,0,0,0,
 
-/* Char 76 */
-0,0,0,0,0,0,
+/* Char 51 */
 0,0,0,0,0,0,
 0,0,0,0,0,0,
-1,0,0,0,0,0,
-1,0,0,0,0,0,
-1,0,0,0,0,0,
-1,0,0,0,0,0,
-1,0,0,0,0,0,
-1,0,0,0,0,0,
-1,0,0,0,0,0,
-1,1,1,1,1,0,
+0,0,1,1,1,0,
+0,1,0,0,0,1,
+0,0,0,0,0,1,
+0,0,1,1,1,0,
+0,0,0,0,0,1,
+0,0,0,0,0,1,
+0,1,0,0,0,1,
+0,0,1,1,1,0,
 0,0,0,0,0,0,
 0,0,0,0,0,0,
 
-/* Char 77 */
-0,0,0,0,0,0,
+/* Char 52 */
 0,0,0,0,0,0,
 0,0,0,0,0,0,
-1,0,0,0,1,0,
-1,1,0,1,1,0,
-1,0,1,0,1,0,
-1,0,1,0,1,0,
-1,0,0,0,1,0,
-1,0,0,0,1,0,
-1,0,0,0,1,0,
-1,0,0,0,1,0,
+0,0,0,0,1,0,
+0,0,0,1,1,0,
+0,0,1,0,1,0,
+0,0,1,0,1,0,
+0,1,0,0,1,0,
+0,1,1,1,1,1,
+0,0,0,0,1,0,
+0,0,0,0,1,0,
 0,0,0,0,0,0,
 0,0,0,0,0,0,
 
-/* Char 78 */
-0,0,0,0,0,0,
+/* Char 53 */
 0,0,0,0,0,0,
 0,0,0,0,0,0,
-1,0,0,0,1,0,
-1,1,0,0,1,0,
-1,1,0,0,1,0,
-1,0,1,0,1,0,
-1,0,1,0,1,0,
-1,0,0,1,1,0,
-1,0,0,1,1,0,
-1,0,0,0,1,0,
+0,1,1,1,1,1,
+0,1,0,0,0,0,
+0,1,0,0,0,0,
+0,1,1,1,1,0,
+0,0,0,0,0,1,
+0,0,0,0,0,1,
+0,0,0,0,0,1,
+0,1,1,1,1,0,
 0,0,0,0,0,0,
 0,0,0,0,0,0,
 
-/* Char 79 */
-0,0,0,0,0,0,
+/* Char 54 */
 0,0,0,0,0,0,
 0,0,0,0,0,0,
-0,1,1,1,0,0,
-1,0,0,0,1,0,
-1,0,0,0,1,0,
-1,0,0,0,1,0,
-1,0,0,0,1,0,
-1,0,0,0,1,0,
-1,0,0,0,1,0,
-0,1,1,1,0,0,
+0,0,1,1,1,0,
+0,1,0,0,0,0,
+0,1,0,0,0,0,
+0,1,1,1,1,0,
+0,1,0,0,0,1,
+0,1,0,0,0,1,
+0,1,0,0,0,1,
+0,0,1,1,1,0,
 0,0,0,0,0,0,
 0,0,0,0,0,0,
 
-/* Char 80 */
-0,0,0,0,0,0,
+/* Char 55 */
 0,0,0,0,0,0,
 0,0,0,0,0,0,
-1,1,1,1,0,0,
-1,0,0,0,1,0,
-1,0,0,0,1,0,
-1,0,0,0,1,0,
-1,1,1,1,0,0,
-1,0,0,0,0,0,
-1,0,0,0,0,0,
-1,0,0,0,0,0,
+0,1,1,1,1,1,
+0,1,0,0,0,1,
+0,0,0,0,1,0,
+0,0,0,0,1,0,
+0,0,0,1,0,0,
+0,0,0,1,0,0,
+0,0,1,0,0,0,
+0,0,1,0,0,0,
 0,0,0,0,0,0,
 0,0,0,0,0,0,
 
-/* Char 81 */
+/* Char 56 */
 0,0,0,0,0,0,
 0,0,0,0,0,0,
+0,0,1,1,1,0,
+0,1,0,0,0,1,
+0,1,0,0,0,1,
+0,0,1,1,1,0,
+0,1,0,0,0,1,
+0,1,0,0,0,1,
+0,1,0,0,0,1,
+0,0,1,1,1,0,
 0,0,0,0,0,0,
-0,1,1,1,0,0,
-1,0,0,0,1,0,
-1,0,0,0,1,0,
-1,0,0,0,1,0,
-1,0,0,0,1,0,
-1,0,0,0,1,0,
-1,0,1,0,1,0,
-0,1,1,1,0,0,
-0,0,0,0,1,0,
 0,0,0,0,0,0,
 
-/* Char 82 */
-0,0,0,0,0,0,
+/* Char 57 */
 0,0,0,0,0,0,
 0,0,0,0,0,0,
-1,1,1,1,0,0,
-1,0,0,0,1,0,
-1,0,0,0,1,0,
-1,0,0,0,1,0,
-1,1,1,1,0,0,
-1,0,1,0,0,0,
-1,0,0,1,0,0,
-1,0,0,0,1,0,
+0,0,1,1,1,0,
+0,1,0,0,0,1,
+0,1,0,0,0,1,
+0,1,0,0,0,1,
+0,0,1,1,1,1,
+0,0,0,0,0,1,
+0,0,0,0,0,1,
+0,0,1,1,1,0,
 0,0,0,0,0,0,
 0,0,0,0,0,0,
 
-/* Char 83 */
-0,0,0,0,0,0,
-0,0,0,0,0,0,
+/* Char 58 */
 0,0,0,0,0,0,
-0,1,1,1,0,0,
-1,0,0,0,1,0,
-1,0,0,0,0,0,
-0,1,1,0,0,0,
-0,0,0,1,0,0,
-0,0,0,0,1,0,
-1,0,0,0,1,0,
-0,1,1,1,0,0,
 0,0,0,0,0,0,
 0,0,0,0,0,0,
-
-/* Char 84 */
 0,0,0,0,0,0,
+0,0,1,1,0,0,
+0,0,1,1,0,0,
 0,0,0,0,0,0,
 0,0,0,0,0,0,
-1,1,1,1,1,0,
-0,0,1,0,0,0,
-0,0,1,0,0,0,
-0,0,1,0,0,0,
-0,0,1,0,0,0,
-0,0,1,0,0,0,
-0,0,1,0,0,0,
-0,0,1,0,0,0,
+0,0,1,1,0,0,
+0,0,1,1,0,0,
 0,0,0,0,0,0,
 0,0,0,0,0,0,
 
-/* Char 85 */
+/* Char 59 */
 0,0,0,0,0,0,
 0,0,0,0,0,0,
 0,0,0,0,0,0,
-1,0,0,0,1,0,
-1,0,0,0,1,0,
-1,0,0,0,1,0,
-1,0,0,0,1,0,
-1,0,0,0,1,0,
-1,0,0,0,1,0,
-1,0,0,0,1,0,
-0,1,1,1,0,0,
+0,0,0,0,0,0,
+0,0,1,1,0,0,
+0,0,1,1,0,0,
 0,0,0,0,0,0,
 0,0,0,0,0,0,
+0,0,1,1,0,0,
+0,0,1,1,0,0,
+0,0,1,0,0,0,
+0,0,1,0,0,0,
 
-/* Char 86 */
+/* Char 60 */
 0,0,0,0,0,0,
 0,0,0,0,0,0,
 0,0,0,0,0,0,
-1,0,0,0,1,0,
-1,0,0,0,1,0,
-1,0,0,0,1,0,
-0,1,0,1,0,0,
-0,1,0,1,0,0,
-0,1,0,1,0,0,
+0,0,0,0,1,0,
+0,0,0,1,0,0,
 0,0,1,0,0,0,
+0,1,0,0,0,0,
 0,0,1,0,0,0,
+0,0,0,1,0,0,
+0,0,0,0,1,0,
 0,0,0,0,0,0,
 0,0,0,0,0,0,
 
-/* Char 87 */
+/* Char 61 */
 0,0,0,0,0,0,
 0,0,0,0,0,0,
 0,0,0,0,0,0,
-1,0,0,0,1,0,
-1,0,0,0,1,0,
-1,0,1,0,1,0,
-1,0,1,0,1,0,
-1,0,1,0,1,0,
-1,0,1,0,1,0,
-1,1,0,1,1,0,
-0,1,0,1,0,0,
 0,0,0,0,0,0,
+0,1,1,1,1,1,
 0,0,0,0,0,0,
-
-/* Char 88 */
 0,0,0,0,0,0,
+0,1,1,1,1,1,
 0,0,0,0,0,0,
 0,0,0,0,0,0,
-1,0,0,0,1,0,
-1,0,0,0,1,0,
-0,1,0,1,0,0,
-0,0,1,0,0,0,
-0,0,1,0,0,0,
-0,1,0,1,0,0,
-1,0,0,0,1,0,
-1,0,0,0,1,0,
 0,0,0,0,0,0,
 0,0,0,0,0,0,
 
-/* Char 89 */
+/* Char 62 */
 0,0,0,0,0,0,
 0,0,0,0,0,0,
 0,0,0,0,0,0,
-1,0,0,0,1,0,
-1,0,0,0,1,0,
-0,1,0,1,0,0,
-0,1,0,1,0,0,
-0,0,1,0,0,0,
-0,0,1,0,0,0,
 0,0,1,0,0,0,
+0,0,0,1,0,0,
+0,0,0,0,1,0,
+0,0,0,0,0,1,
+0,0,0,0,1,0,
+0,0,0,1,0,0,
 0,0,1,0,0,0,
 0,0,0,0,0,0,
 0,0,0,0,0,0,
 
-/* Char 90 */
+/* Char 63 */
 0,0,0,0,0,0,
 0,0,0,0,0,0,
-0,0,0,0,0,0,
-1,1,1,1,1,0,
+0,0,1,1,0,0,
+0,1,0,0,1,0,
 0,0,0,0,1,0,
 0,0,0,1,0,0,
 0,0,1,0,0,0,
-0,0,1,0,0,0,
-0,1,0,0,0,0,
-1,0,0,0,0,0,
-1,1,1,1,1,0,
-0,0,0,0,0,0,
-0,0,0,0,0,0,
-
-/* Char 91 */
-0,0,0,0,0,0,
 0,0,0,0,0,0,
-0,0,0,0,0,0,
-0,1,1,1,0,0,
-0,1,0,0,0,0,
-0,1,0,0,0,0,
-0,1,0,0,0,0,
-0,1,0,0,0,0,
-0,1,0,0,0,0,
-0,1,0,0,0,0,
-0,1,1,1,0,0,
+0,0,1,1,0,0,
+0,0,1,1,0,0,
 0,0,0,0,0,0,
 0,0,0,0,0,0,
 
-/* Char 92 */
-0,0,0,0,0,0,
+/* Char 64 */
 0,0,0,0,0,0,
 0,0,0,0,0,0,
-1,0,0,0,0,0,
-1,0,0,0,0,0,
-0,1,0,0,0,0,
+0,0,1,1,1,0,
+0,1,0,0,0,1,
+0,1,0,0,0,1,
+0,1,0,0,1,1,
+0,1,0,1,0,1,
+0,1,0,1,0,1,
+0,1,0,0,1,1,
 0,1,0,0,0,0,
-0,0,1,0,0,0,
-0,0,0,1,0,0,
-0,0,0,1,0,0,
-0,0,0,0,1,0,
-0,0,0,0,1,0,
+0,0,1,1,1,0,
 0,0,0,0,0,0,
 
-/* Char 93 */
-0,0,0,0,0,0,
+/* Char 65 */
 0,0,0,0,0,0,
 0,0,0,0,0,0,
-0,1,1,1,0,0,
-0,0,0,1,0,0,
-0,0,0,1,0,0,
 0,0,0,1,0,0,
 0,0,0,1,0,0,
-0,0,0,1,0,0,
-0,0,0,1,0,0,
-0,1,1,1,0,0,
+0,0,1,0,1,0,
+0,0,1,0,1,0,
+0,0,1,1,1,0,
+0,1,0,0,0,1,
+0,1,0,0,0,1,
+0,1,0,0,0,1,
 0,0,0,0,0,0,
 0,0,0,0,0,0,
 
-/* Char 94 */
-0,0,0,0,0,0,
-0,0,0,0,0,0,
-0,0,1,0,0,0,
-0,1,0,1,0,0,
-1,0,0,0,1,0,
+/* Char 66 */
 0,0,0,0,0,0,
 0,0,0,0,0,0,
+0,1,1,1,1,0,
+0,1,0,0,0,1,
+0,1,0,0,0,1,
+0,1,1,1,1,0,
+0,1,0,0,0,1,
+0,1,0,0,0,1,
+0,1,0,0,0,1,
+0,1,1,1,1,0,
 0,0,0,0,0,0,
 0,0,0,0,0,0,
+
+/* Char 67 */
 0,0,0,0,0,0,
 0,0,0,0,0,0,
+0,0,1,1,1,0,
+0,1,0,0,0,1,
+0,1,0,0,0,0,
+0,1,0,0,0,0,
+0,1,0,0,0,0,
+0,1,0,0,0,0,
+0,1,0,0,0,1,
+0,0,1,1,1,0,
 0,0,0,0,0,0,
 0,0,0,0,0,0,
 
-/* Char 95 */
+/* Char 68 */
 0,0,0,0,0,0,
 0,0,0,0,0,0,
+0,1,1,1,1,0,
+0,1,0,0,0,1,
+0,1,0,0,0,1,
+0,1,0,0,0,1,
+0,1,0,0,0,1,
+0,1,0,0,0,1,
+0,1,0,0,0,1,
+0,1,1,1,1,0,
 0,0,0,0,0,0,
 0,0,0,0,0,0,
+
+/* Char 69 */
 0,0,0,0,0,0,
 0,0,0,0,0,0,
+0,1,1,1,1,1,
+0,1,0,0,0,1,
+0,1,0,0,0,0,
+0,1,1,1,1,0,
+0,1,0,0,0,0,
+0,1,0,0,0,0,
+0,1,0,0,0,1,
+0,1,1,1,1,1,
 0,0,0,0,0,0,
 0,0,0,0,0,0,
+
+/* Char 70 */
 0,0,0,0,0,0,
 0,0,0,0,0,0,
+0,1,1,1,1,1,
+0,1,0,0,0,1,
+0,1,0,0,0,0,
+0,1,1,1,1,0,
+0,1,0,0,0,0,
+0,1,0,0,0,0,
+0,1,0,0,0,0,
+0,1,0,0,0,0,
 0,0,0,0,0,0,
-1,1,1,1,1,0,
 0,0,0,0,0,0,
 
-/* Char 96 */
-0,0,0,0,0,0,
-0,0,0,0,0,0,
+/* Char 71 */
 0,0,0,0,0,0,
-0,1,1,0,0,0,
-0,0,1,0,0,0,
-0,0,0,1,0,0,
 0,0,0,0,0,0,
+0,0,1,1,1,0,
+0,1,0,0,0,1,
+0,1,0,0,0,0,
+0,1,0,0,0,0,
+0,1,0,0,1,1,
+0,1,0,0,0,1,
+0,1,0,0,0,1,
+0,0,1,1,1,1,
 0,0,0,0,0,0,
 0,0,0,0,0,0,
+
+/* Char 72 */
 0,0,0,0,0,0,
 0,0,0,0,0,0,
+0,1,0,0,0,1,
+0,1,0,0,0,1,
+0,1,0,0,0,1,
+0,1,1,1,1,1,
+0,1,0,0,0,1,
+0,1,0,0,0,1,
+0,1,0,0,0,1,
+0,1,0,0,0,1,
 0,0,0,0,0,0,
 0,0,0,0,0,0,
 
-/* Char 97 */
+/* Char 73 */
 0,0,0,0,0,0,
 0,0,0,0,0,0,
+0,0,1,1,1,0,
+0,0,0,1,0,0,
+0,0,0,1,0,0,
+0,0,0,1,0,0,
+0,0,0,1,0,0,
+0,0,0,1,0,0,
+0,0,0,1,0,0,
+0,0,1,1,1,0,
 0,0,0,0,0,0,
 0,0,0,0,0,0,
+
+/* Char 74 */
 0,0,0,0,0,0,
-0,1,1,1,0,0,
+0,0,0,0,0,0,
+0,0,0,1,1,1,
 0,0,0,0,1,0,
-0,1,1,1,1,0,
-1,0,0,0,1,0,
-1,0,0,1,1,0,
-0,1,1,0,1,0,
+0,0,0,0,1,0,
+0,0,0,0,1,0,
+0,0,0,0,1,0,
+0,1,0,0,1,0,
+0,1,0,0,1,0,
+0,0,1,1,0,0,
 0,0,0,0,0,0,
 0,0,0,0,0,0,
 
-/* Char 98 */
-0,0,0,0,0,0,
+/* Char 75 */
 0,0,0,0,0,0,
 0,0,0,0,0,0,
-1,0,0,0,0,0,
-1,0,0,0,0,0,
-1,0,1,1,0,0,
-1,1,0,0,1,0,
-1,0,0,0,1,0,
-1,0,0,0,1,0,
-1,1,0,0,1,0,
-1,0,1,1,0,0,
+0,1,0,0,0,1,
+0,1,0,0,1,0,
+0,1,0,1,0,0,
+0,1,1,0,0,0,
+0,1,0,1,0,0,
+0,1,0,0,1,0,
+0,1,0,0,1,0,
+0,1,0,0,0,1,
 0,0,0,0,0,0,
 0,0,0,0,0,0,
 
-/* Char 99 */
-0,0,0,0,0,0,
-0,0,0,0,0,0,
-0,0,0,0,0,0,
+/* Char 76 */
 0,0,0,0,0,0,
 0,0,0,0,0,0,
-0,1,1,1,0,0,
-1,0,0,0,1,0,
-1,0,0,0,0,0,
-1,0,0,0,0,0,
-1,0,0,0,1,0,
-0,1,1,1,0,0,
+0,1,0,0,0,0,
+0,1,0,0,0,0,
+0,1,0,0,0,0,
+0,1,0,0,0,0,
+0,1,0,0,0,0,
+0,1,0,0,0,0,
+0,1,0,0,0,1,
+0,1,1,1,1,1,
 0,0,0,0,0,0,
 0,0,0,0,0,0,
 
-/* Char 100 */
-0,0,0,0,0,0,
+/* Char 77 */
 0,0,0,0,0,0,
 0,0,0,0,0,0,
-0,0,0,0,1,0,
-0,0,0,0,1,0,
-0,1,1,0,1,0,
-1,0,0,1,1,0,
-1,0,0,0,1,0,
-1,0,0,0,1,0,
-1,0,0,1,1,0,
-0,1,1,0,1,0,
+0,1,0,0,0,1,
+0,1,0,0,0,1,
+0,1,1,0,1,1,
+0,1,0,1,0,1,
+0,1,0,1,0,1,
+0,1,0,1,0,1,
+0,1,0,0,0,1,
+0,1,0,0,0,1,
 0,0,0,0,0,0,
 0,0,0,0,0,0,
 
-/* Char 101 */
+/* Char 78 */
 0,0,0,0,0,0,
 0,0,0,0,0,0,
+0,1,0,0,0,1,
+0,1,0,0,0,1,
+0,1,1,0,0,1,
+0,1,0,1,0,1,
+0,1,0,0,1,1,
+0,1,0,0,0,1,
+0,1,0,0,0,1,
+0,1,0,0,0,1,
 0,0,0,0,0,0,
 0,0,0,0,0,0,
+
+/* Char 79 */
 0,0,0,0,0,0,
-0,1,1,1,0,0,
-1,0,0,0,1,0,
-1,1,1,1,1,0,
-1,0,0,0,0,0,
-1,0,0,0,0,0,
-0,1,1,1,0,0,
 0,0,0,0,0,0,
+0,0,1,1,1,0,
+0,1,0,0,0,1,
+0,1,0,0,0,1,
+0,1,0,0,0,1,
+0,1,0,0,0,1,
+0,1,0,0,0,1,
+0,1,0,0,0,1,
+0,0,1,1,1,0,
 0,0,0,0,0,0,
-
-/* Char 102 */
 0,0,0,0,0,0,
+
+/* Char 80 */
 0,0,0,0,0,0,
 0,0,0,0,0,0,
-0,0,1,1,0,0,
-0,1,0,0,1,0,
-0,1,0,0,0,0,
-0,1,0,0,0,0,
-1,1,1,1,0,0,
+0,1,1,1,1,0,
+0,1,0,0,0,1,
+0,1,0,0,0,1,
+0,1,0,0,0,1,
+0,1,1,1,1,0,
 0,1,0,0,0,0,
 0,1,0,0,0,0,
 0,1,0,0,0,0,
 0,0,0,0,0,0,
 0,0,0,0,0,0,
 
-/* Char 103 */
-0,0,0,0,0,0,
+/* Char 81 */
 0,0,0,0,0,0,
 0,0,0,0,0,0,
+0,0,1,1,1,0,
+0,1,0,0,0,1,
+0,1,0,0,0,1,
+0,1,0,0,0,1,
+0,1,0,0,0,1,
+0,1,0,0,0,1,
+0,1,0,0,0,1,
+0,0,1,1,1,0,
+0,0,1,0,1,1,
 0,0,0,0,0,0,
-0,0,0,0,1,0,
-0,1,1,1,0,0,
-1,0,0,0,1,0,
-1,0,0,0,1,0,
-0,1,1,1,0,0,
-1,0,0,0,0,0,
-0,1,1,1,0,0,
-1,0,0,0,1,0,
-0,1,1,1,0,0,
 
-/* Char 104 */
-0,0,0,0,0,0,
+/* Char 82 */
 0,0,0,0,0,0,
 0,0,0,0,0,0,
-1,0,0,0,0,0,
-1,0,0,0,0,0,
-1,0,1,1,0,0,
-1,1,0,0,1,0,
-1,0,0,0,1,0,
-1,0,0,0,1,0,
-1,0,0,0,1,0,
-1,0,0,0,1,0,
+0,1,1,1,1,0,
+0,1,0,0,0,1,
+0,1,0,0,0,1,
+0,1,0,0,0,1,
+0,1,1,1,1,0,
+0,1,0,0,0,1,
+0,1,0,0,0,1,
+0,1,0,0,0,1,
 0,0,0,0,0,0,
 0,0,0,0,0,0,
 
-/* Char 105 */
-0,0,0,0,0,0,
-0,0,0,0,0,0,
+/* Char 83 */
 0,0,0,0,0,0,
-0,0,1,0,0,0,
 0,0,0,0,0,0,
-0,1,1,0,0,0,
-0,0,1,0,0,0,
-0,0,1,0,0,0,
-0,0,1,0,0,0,
+0,0,1,1,1,0,
+0,1,0,0,0,1,
+0,1,0,0,0,0,
 0,0,1,0,0,0,
-0,1,1,1,0,0,
+0,0,0,1,1,0,
+0,0,0,0,0,1,
+0,1,0,0,0,1,
+0,0,1,1,1,0,
 0,0,0,0,0,0,
 0,0,0,0,0,0,
 
-/* Char 106 */
-0,0,0,0,0,0,
+/* Char 84 */
 0,0,0,0,0,0,
 0,0,0,0,0,0,
+0,1,1,1,1,1,
 0,0,0,1,0,0,
-0,0,0,0,0,0,
-0,0,1,1,0,0,
 0,0,0,1,0,0,
 0,0,0,1,0,0,
 0,0,0,1,0,0,
 0,0,0,1,0,0,
-1,0,0,1,0,0,
-1,0,0,1,0,0,
-0,1,1,0,0,0,
-
-/* Char 107 */
+0,0,0,1,0,0,
+0,0,1,1,1,0,
 0,0,0,0,0,0,
 0,0,0,0,0,0,
+
+/* Char 85 */
 0,0,0,0,0,0,
-1,0,0,0,0,0,
-1,0,0,0,0,0,
-1,0,0,1,0,0,
-1,0,1,0,0,0,
-1,1,0,0,0,0,
-1,0,1,0,0,0,
-1,0,0,1,0,0,
-1,0,0,0,1,0,
 0,0,0,0,0,0,
+0,1,0,0,0,1,
+0,1,0,0,0,1,
+0,1,0,0,0,1,
+0,1,0,0,0,1,
+0,1,0,0,0,1,
+0,1,0,0,0,1,
+0,1,0,0,0,1,
+0,0,1,1,1,0,
 0,0,0,0,0,0,
-
-/* Char 108 */
 0,0,0,0,0,0,
+
+/* Char 86 */
 0,0,0,0,0,0,
 0,0,0,0,0,0,
-0,1,1,0,0,0,
-0,0,1,0,0,0,
-0,0,1,0,0,0,
-0,0,1,0,0,0,
-0,0,1,0,0,0,
-0,0,1,0,0,0,
-0,0,1,0,0,0,
-0,1,1,1,0,0,
+0,1,0,0,0,1,
+0,1,0,0,0,1,
+0,1,0,0,0,1,
+0,0,1,0,1,0,
+0,0,1,0,1,0,
+0,0,1,0,1,0,
+0,0,0,1,0,0,
+0,0,0,1,0,0,
 0,0,0,0,0,0,
 0,0,0,0,0,0,
 
-/* Char 109 */
+/* Char 87 */
+0,0,0,0,0,0,
 0,0,0,0,0,0,
+0,1,0,0,0,1,
+0,1,0,0,0,1,
+0,1,0,0,0,1,
+0,1,0,1,0,1,
+0,1,0,1,0,1,
+0,1,0,1,0,1,
+0,1,1,0,1,1,
+0,1,0,0,0,1,
 0,0,0,0,0,0,
 0,0,0,0,0,0,
+
+/* Char 88 */
 0,0,0,0,0,0,
 0,0,0,0,0,0,
-1,1,0,1,0,0,
-1,0,1,0,1,0,
-1,0,1,0,1,0,
-1,0,1,0,1,0,
-1,0,1,0,1,0,
-1,0,0,0,1,0,
+0,1,0,0,0,1,
+0,0,1,0,1,0,
+0,0,1,0,1,0,
+0,0,0,1,0,0,
+0,0,0,1,0,0,
+0,0,1,0,1,0,
+0,0,1,0,1,0,
+0,1,0,0,0,1,
 0,0,0,0,0,0,
 0,0,0,0,0,0,
 
-/* Char 110 */
-0,0,0,0,0,0,
+/* Char 89 */
 0,0,0,0,0,0,
 0,0,0,0,0,0,
+0,1,0,0,0,1,
+0,1,0,0,0,1,
+0,0,1,0,1,0,
+0,0,1,0,1,0,
+0,0,0,1,0,0,
+0,0,0,1,0,0,
+0,0,0,1,0,0,
+0,0,0,1,0,0,
 0,0,0,0,0,0,
 0,0,0,0,0,0,
-1,0,1,1,0,0,
-1,1,0,0,1,0,
-1,0,0,0,1,0,
-1,0,0,0,1,0,
-1,0,0,0,1,0,
-1,0,0,0,1,0,
-0,0,0,0,0,0,
-0,0,0,0,0,0,
-
-/* Char 111 */
-0,0,0,0,0,0,
+
+/* Char 90 */
 0,0,0,0,0,0,
 0,0,0,0,0,0,
+0,1,1,1,1,1,
+0,0,0,0,0,1,
+0,0,0,0,1,0,
+0,0,0,1,0,0,
+0,0,0,1,0,0,
+0,0,1,0,0,0,
+0,1,0,0,0,0,
+0,1,1,1,1,1,
 0,0,0,0,0,0,
 0,0,0,0,0,0,
-0,1,1,1,0,0,
-1,0,0,0,1,0,
-1,0,0,0,1,0,
-1,0,0,0,1,0,
-1,0,0,0,1,0,
-0,1,1,1,0,0,
+
+/* Char 91 */
 0,0,0,0,0,0,
 0,0,0,0,0,0,
+0,0,1,1,1,0,
+0,0,1,0,0,0,
+0,0,1,0,0,0,
+0,0,1,0,0,0,
+0,0,1,0,0,0,
+0,0,1,0,0,0,
+0,0,1,0,0,0,
+0,0,1,0,0,0,
+0,0,1,0,0,0,
+0,0,1,1,1,0,
 
-/* Char 112 */
-0,0,0,0,0,0,
+/* Char 92 */
 0,0,0,0,0,0,
 0,0,0,0,0,0,
+0,1,0,0,0,0,
+0,0,1,0,0,0,
+0,0,1,0,0,0,
+0,0,0,1,0,0,
+0,0,0,1,0,0,
+0,0,0,0,1,0,
+0,0,0,0,1,0,
+0,0,0,0,0,1,
 0,0,0,0,0,0,
 0,0,0,0,0,0,
-1,0,1,1,0,0,
-1,1,0,0,1,0,
-1,0,0,0,1,0,
-1,0,0,0,1,0,
-1,1,0,0,1,0,
-1,0,1,1,0,0,
-1,0,0,0,0,0,
-1,0,0,0,0,0,
 
-/* Char 113 */
-0,0,0,0,0,0,
-0,0,0,0,0,0,
-0,0,0,0,0,0,
+/* Char 93 */
 0,0,0,0,0,0,
 0,0,0,0,0,0,
-0,1,1,0,1,0,
-1,0,0,1,1,0,
-1,0,0,0,1,0,
-1,0,0,0,1,0,
-1,0,0,1,1,0,
-0,1,1,0,1,0,
+0,0,1,1,1,0,
+0,0,0,0,1,0,
+0,0,0,0,1,0,
+0,0,0,0,1,0,
+0,0,0,0,1,0,
 0,0,0,0,1,0,
 0,0,0,0,1,0,
+0,0,0,0,1,0,
+0,0,0,0,1,0,
+0,0,1,1,1,0,
 
-/* Char 114 */
+/* Char 94 */
 0,0,0,0,0,0,
 0,0,0,0,0,0,
+0,0,0,1,0,0,
+0,0,1,0,1,0,
+0,1,0,0,0,1,
 0,0,0,0,0,0,
 0,0,0,0,0,0,
 0,0,0,0,0,0,
-1,0,1,1,0,0,
-1,1,0,0,1,0,
-1,0,0,0,0,0,
-1,0,0,0,0,0,
-1,0,0,0,0,0,
-1,0,0,0,0,0,
 0,0,0,0,0,0,
 0,0,0,0,0,0,
-
-/* Char 115 */
 0,0,0,0,0,0,
 0,0,0,0,0,0,
+
+/* Char 95 */
 0,0,0,0,0,0,
 0,0,0,0,0,0,
 0,0,0,0,0,0,
-0,1,1,1,0,0,
-1,0,0,0,1,0,
-0,1,1,0,0,0,
-0,0,0,1,0,0,
-1,0,0,0,1,0,
-0,1,1,1,0,0,
 0,0,0,0,0,0,
 0,0,0,0,0,0,
-
-/* Char 116 */
 0,0,0,0,0,0,
 0,0,0,0,0,0,
 0,0,0,0,0,0,
-0,1,0,0,0,0,
-0,1,0,0,0,0,
-1,1,1,1,0,0,
-0,1,0,0,0,0,
-0,1,0,0,0,0,
-0,1,0,0,0,0,
-0,1,0,0,1,0,
-0,0,1,1,0,0,
 0,0,0,0,0,0,
 0,0,0,0,0,0,
-
-/* Char 117 */
 0,0,0,0,0,0,
+1,1,1,1,1,1,
+
+/* Char 96 */
 0,0,0,0,0,0,
 0,0,0,0,0,0,
+0,0,1,0,0,0,
+0,0,0,1,0,0,
 0,0,0,0,0,0,
 0,0,0,0,0,0,
-1,0,0,0,1,0,
-1,0,0,0,1,0,
-1,0,0,0,1,0,
-1,0,0,0,1,0,
-1,0,0,1,1,0,
-0,1,1,0,1,0,
 0,0,0,0,0,0,
 0,0,0,0,0,0,
-
-/* Char 118 */
 0,0,0,0,0,0,
 0,0,0,0,0,0,
 0,0,0,0,0,0,
 0,0,0,0,0,0,
+
+/* Char 97 */
 0,0,0,0,0,0,
-1,0,0,0,1,0,
-1,0,0,0,1,0,
-1,0,0,0,1,0,
-0,1,0,1,0,0,
-0,1,0,1,0,0,
-0,0,1,0,0,0,
 0,0,0,0,0,0,
 0,0,0,0,0,0,
-
-/* Char 119 */
 0,0,0,0,0,0,
+0,0,1,1,1,0,
+0,0,0,0,0,1,
+0,0,1,1,1,1,
+0,1,0,0,0,1,
+0,1,0,0,0,1,
+0,0,1,1,1,1,
 0,0,0,0,0,0,
 0,0,0,0,0,0,
+
+/* Char 98 */
 0,0,0,0,0,0,
 0,0,0,0,0,0,
-1,0,0,0,1,0,
-1,0,0,0,1,0,
-1,0,1,0,1,0,
-1,0,1,0,1,0,
-1,0,1,0,1,0,
-0,1,0,1,0,0,
+0,1,0,0,0,0,
+0,1,0,0,0,0,
+0,1,1,1,1,0,
+0,1,0,0,0,1,
+0,1,0,0,0,1,
+0,1,0,0,0,1,
+0,1,0,0,0,1,
+0,1,1,1,1,0,
 0,0,0,0,0,0,
 0,0,0,0,0,0,
 
-/* Char 120 */
-0,0,0,0,0,0,
+/* Char 99 */
 0,0,0,0,0,0,
 0,0,0,0,0,0,
 0,0,0,0,0,0,
 0,0,0,0,0,0,
-1,0,0,0,1,0,
-0,1,0,1,0,0,
-0,0,1,0,0,0,
-0,0,1,0,0,0,
-0,1,0,1,0,0,
-1,0,0,0,1,0,
+0,0,1,1,1,0,
+0,1,0,0,0,1,
+0,1,0,0,0,0,
+0,1,0,0,0,0,
+0,1,0,0,0,1,
+0,0,1,1,1,0,
 0,0,0,0,0,0,
 0,0,0,0,0,0,
 
-/* Char 121 */
-0,0,0,0,0,0,
+/* Char 100 */
 0,0,0,0,0,0,
 0,0,0,0,0,0,
+0,0,0,0,1,1,
+0,0,0,0,0,1,
+0,0,1,1,1,1,
+0,1,0,0,0,1,
+0,1,0,0,0,1,
+0,1,0,0,0,1,
+0,1,0,0,0,1,
+0,0,1,1,1,1,
 0,0,0,0,0,0,
 0,0,0,0,0,0,
-1,0,0,0,1,0,
-1,0,0,0,1,0,
-1,0,0,0,1,0,
-1,0,0,1,1,0,
-0,1,1,0,1,0,
-0,0,0,0,1,0,
-0,0,0,1,0,0,
-1,1,1,0,0,0,
 
-/* Char 122 */
-0,0,0,0,0,0,
+/* Char 101 */
 0,0,0,0,0,0,
 0,0,0,0,0,0,
 0,0,0,0,0,0,
 0,0,0,0,0,0,
-1,1,1,1,1,0,
-0,0,0,1,0,0,
-0,0,1,0,0,0,
+0,0,1,1,1,0,
+0,1,0,0,0,1,
+0,1,1,1,1,1,
 0,1,0,0,0,0,
-1,0,0,0,0,0,
-1,1,1,1,1,0,
+0,1,0,0,0,0,
+0,0,1,1,1,0,
 0,0,0,0,0,0,
 0,0,0,0,0,0,
 
-/* Char 123 */
-0,0,0,0,0,0,
+/* Char 102 */
 0,0,0,0,0,0,
 0,0,0,0,0,0,
-0,0,0,1,1,0,
+0,0,0,1,1,1,
 0,0,1,0,0,0,
+0,1,1,1,1,0,
 0,0,1,0,0,0,
 0,0,1,0,0,0,
-1,1,0,0,0,0,
 0,0,1,0,0,0,
 0,0,1,0,0,0,
 0,0,1,0,0,0,
-0,0,0,1,1,0,
-0,0,0,0,0,0,
-
-/* Char 124 */
 0,0,0,0,0,0,
 0,0,0,0,0,0,
-0,0,0,0,0,0,
-0,0,1,0,0,0,
-0,0,1,0,0,0,
-0,0,1,0,0,0,
-0,0,1,0,0,0,
-0,0,1,0,0,0,
-0,0,1,0,0,0,
-0,0,1,0,0,0,
-0,0,1,0,0,0,
-0,0,1,0,0,0,
-0,0,0,0,0,0,
 
-/* Char 125 */
+/* Char 103 */
 0,0,0,0,0,0,
 0,0,0,0,0,0,
 0,0,0,0,0,0,
-1,1,0,0,0,0,
-0,0,1,0,0,0,
-0,0,1,0,0,0,
-0,0,1,0,0,0,
-0,0,0,1,1,0,
-0,0,1,0,0,0,
-0,0,1,0,0,0,
-0,0,1,0,0,0,
-1,1,0,0,0,0,
 0,0,0,0,0,0,
+0,0,1,1,1,1,
+0,1,0,0,0,1,
+0,1,0,0,0,1,
+0,1,0,0,0,1,
+0,1,0,0,0,1,
+0,0,1,1,1,1,
+0,0,0,0,0,1,
+0,0,1,1,1,0,
 
-/* Char 126 */
-0,0,0,0,0,0,
+/* Char 104 */
 0,0,0,0,0,0,
-0,1,0,0,1,0,
-1,0,1,0,1,0,
-1,0,0,1,0,0,
 0,0,0,0,0,0,
+0,1,0,0,0,0,
+0,1,0,0,0,0,
+0,1,0,1,1,0,
+0,1,1,0,0,1,
+0,1,0,0,0,1,
+0,1,0,0,0,1,
+0,1,0,0,0,1,
+0,1,0,0,0,1,
 0,0,0,0,0,0,
 0,0,0,0,0,0,
+
+/* Char 105 */
 0,0,0,0,0,0,
 0,0,0,0,0,0,
+0,0,0,1,0,0,
 0,0,0,0,0,0,
+0,1,1,1,0,0,
+0,0,0,1,0,0,
+0,0,0,1,0,0,
+0,0,0,1,0,0,
+0,0,0,1,0,0,
+0,1,1,1,1,1,
 0,0,0,0,0,0,
 0,0,0,0,0,0,
 
-/* Char 127 */
-0,0,0,0,0,0,
-0,0,0,0,0,0,
+/* Char 106 */
 0,0,0,0,0,0,
 0,0,0,0,0,0,
+0,0,0,1,0,0,
 0,0,0,0,0,0,
+0,1,1,1,0,0,
+0,0,0,1,0,0,
+0,0,0,1,0,0,
+0,0,0,1,0,0,
+0,0,0,1,0,0,
+0,0,0,1,0,0,
+0,0,0,1,0,0,
+1,1,1,0,0,0,
+
+/* Char 107 */
 0,0,0,0,0,0,
 0,0,0,0,0,0,
+0,1,0,0,0,0,
+0,1,0,0,0,0,
+0,1,0,0,0,1,
+0,1,0,0,1,0,
+0,1,1,1,0,0,
+0,1,0,1,0,0,
+0,1,0,0,1,0,
+0,1,0,0,0,1,
 0,0,0,0,0,0,
 0,0,0,0,0,0,
+
+/* Char 108 */
 0,0,0,0,0,0,
 0,0,0,0,0,0,
+0,0,1,1,0,0,
+0,0,0,1,0,0,
+0,0,0,1,0,0,
+0,0,0,1,0,0,
+0,0,0,1,0,0,
+0,0,0,1,0,0,
+0,0,0,1,0,0,
+0,1,1,1,1,1,
 0,0,0,0,0,0,
 0,0,0,0,0,0,
 
-/* Char 128 */
-0,0,0,0,0,0,
+/* Char 109 */
 0,0,0,0,0,0,
 0,0,0,0,0,0,
 0,0,0,0,0,0,
 0,0,0,0,0,0,
+0,1,1,0,1,0,
+0,1,0,1,0,1,
+0,1,0,1,0,1,
+0,1,0,1,0,1,
+0,1,0,1,0,1,
+0,1,0,1,0,1,
 0,0,0,0,0,0,
 0,0,0,0,0,0,
+
+/* Char 110 */
 0,0,0,0,0,0,
 0,0,0,0,0,0,
 0,0,0,0,0,0,
 0,0,0,0,0,0,
+0,1,0,1,1,0,
+0,1,1,0,0,1,
+0,1,0,0,0,1,
+0,1,0,0,0,1,
+0,1,0,0,0,1,
+0,1,0,0,0,1,
 0,0,0,0,0,0,
 0,0,0,0,0,0,
 
-/* Char 129 */
+/* Char 111 */
+0,0,0,0,0,0,
 0,0,0,0,0,0,
 0,0,0,0,0,0,
 0,0,0,0,0,0,
+0,0,1,1,1,0,
+0,1,0,0,0,1,
+0,1,0,0,0,1,
+0,1,0,0,0,1,
+0,1,0,0,0,1,
+0,0,1,1,1,0,
 0,0,0,0,0,0,
 0,0,0,0,0,0,
+
+/* Char 112 */
 0,0,0,0,0,0,
 0,0,0,0,0,0,
 0,0,0,0,0,0,
 0,0,0,0,0,0,
+0,1,1,1,1,0,
+0,1,0,0,0,1,
+0,1,0,0,0,1,
+0,1,0,0,0,1,
+0,1,0,0,0,1,
+0,1,1,1,1,0,
+0,1,0,0,0,0,
+0,1,0,0,0,0,
+
+/* Char 113 */
 0,0,0,0,0,0,
 0,0,0,0,0,0,
 0,0,0,0,0,0,
 0,0,0,0,0,0,
+0,0,1,1,1,1,
+0,1,0,0,0,1,
+0,1,0,0,0,1,
+0,1,0,0,0,1,
+0,1,0,0,0,1,
+0,0,1,1,1,1,
+0,0,0,0,0,1,
+0,0,0,0,0,1,
 
-/* Char 130 */
-0,0,0,0,0,0,
+/* Char 114 */
 0,0,0,0,0,0,
 0,0,0,0,0,0,
 0,0,0,0,0,0,
 0,0,0,0,0,0,
+0,0,1,0,1,1,
+0,0,1,1,0,0,
+0,0,1,0,0,0,
+0,0,1,0,0,0,
+0,0,1,0,0,0,
+0,1,1,1,0,0,
 0,0,0,0,0,0,
 0,0,0,0,0,0,
+
+/* Char 115 */
 0,0,0,0,0,0,
 0,0,0,0,0,0,
 0,0,0,0,0,0,
 0,0,0,0,0,0,
+0,0,1,1,1,1,
+0,1,0,0,0,0,
+0,0,1,1,0,0,
+0,0,0,0,1,0,
+0,0,0,0,0,1,
+0,1,1,1,1,0,
 0,0,0,0,0,0,
 0,0,0,0,0,0,
 
-/* Char 131 */
-0,0,0,0,0,0,
+/* Char 116 */
 0,0,0,0,0,0,
 0,0,0,0,0,0,
+0,0,1,0,0,0,
+0,0,1,0,0,0,
+0,1,1,1,1,0,
+0,0,1,0,0,0,
+0,0,1,0,0,0,
+0,0,1,0,0,0,
+0,0,1,0,0,0,
+0,0,0,1,1,0,
 0,0,0,0,0,0,
 0,0,0,0,0,0,
+
+/* Char 117 */
 0,0,0,0,0,0,
 0,0,0,0,0,0,
 0,0,0,0,0,0,
 0,0,0,0,0,0,
+0,1,0,0,0,1,
+0,1,0,0,0,1,
+0,1,0,0,0,1,
+0,1,0,0,0,1,
+0,1,0,0,0,1,
+0,0,1,1,1,1,
 0,0,0,0,0,0,
 0,0,0,0,0,0,
+
+/* Char 118 */
 0,0,0,0,0,0,
 0,0,0,0,0,0,
-
-/* Char 132 */
 0,0,0,0,0,0,
 0,0,0,0,0,0,
+0,1,0,0,0,1,
+0,1,0,0,0,1,
+0,0,1,0,1,0,
+0,0,1,0,1,0,
+0,0,0,1,0,0,
+0,0,0,1,0,0,
 0,0,0,0,0,0,
 0,0,0,0,0,0,
+
+/* Char 119 */
 0,0,0,0,0,0,
 0,0,0,0,0,0,
 0,0,0,0,0,0,
 0,0,0,0,0,0,
+0,1,0,0,0,1,
+0,1,0,0,0,1,
+0,1,0,1,0,1,
+0,1,0,1,0,1,
+0,0,1,0,1,0,
+0,0,1,0,1,0,
 0,0,0,0,0,0,
 0,0,0,0,0,0,
+
+/* Char 120 */
 0,0,0,0,0,0,
 0,0,0,0,0,0,
 0,0,0,0,0,0,
-
-/* Char 133 */
 0,0,0,0,0,0,
+0,1,0,0,0,1,
+0,0,1,0,1,0,
+0,0,0,1,0,0,
+0,0,0,1,0,0,
+0,0,1,0,1,0,
+0,1,0,0,0,1,
 0,0,0,0,0,0,
 0,0,0,0,0,0,
+
+/* Char 121 */
 0,0,0,0,0,0,
 0,0,0,0,0,0,
 0,0,0,0,0,0,
 0,0,0,0,0,0,
+0,1,0,0,0,1,
+0,1,0,0,0,1,
+0,0,1,0,1,0,
+0,0,1,0,1,0,
+0,0,0,1,0,0,
+0,0,0,1,0,0,
+0,0,1,0,0,0,
+0,1,1,0,0,0,
+
+/* Char 122 */
 0,0,0,0,0,0,
 0,0,0,0,0,0,
 0,0,0,0,0,0,
 0,0,0,0,0,0,
+0,1,1,1,1,1,
+0,0,0,0,1,0,
+0,0,0,1,0,0,
+0,0,0,1,0,0,
+0,0,1,0,0,0,
+0,1,1,1,1,1,
 0,0,0,0,0,0,
 0,0,0,0,0,0,
 
-/* Char 134 */
+/* Char 123 */
 0,0,0,0,0,0,
 0,0,0,0,0,0,
+0,0,0,0,1,0,
+0,0,0,1,0,0,
+0,0,0,1,0,0,
+0,0,0,1,0,0,
+0,1,1,0,0,0,
+0,0,0,1,0,0,
+0,0,0,1,0,0,
+0,0,0,1,0,0,
+0,0,0,1,0,0,
+0,0,0,0,1,0,
+
+/* Char 124 */
+0,0,0,0,0,0,
 0,0,0,0,0,0,
+0,0,0,1,0,0,
+0,0,0,1,0,0,
+0,0,0,1,0,0,
+0,0,0,1,0,0,
+0,0,0,1,0,0,
+0,0,0,1,0,0,
+0,0,0,1,0,0,
+0,0,0,1,0,0,
+0,0,0,1,0,0,
+0,0,0,1,0,0,
+
+/* Char 125 */
 0,0,0,0,0,0,
 0,0,0,0,0,0,
+0,0,1,0,0,0,
+0,0,0,1,0,0,
+0,0,0,1,0,0,
+0,0,0,1,0,0,
+0,0,0,0,1,1,
+0,0,0,1,0,0,
+0,0,0,1,0,0,
+0,0,0,1,0,0,
+0,0,0,1,0,0,
+0,0,1,0,0,0,
+
+/* Char 126 */
 0,0,0,0,0,0,
 0,0,0,0,0,0,
+0,0,1,0,0,1,
+0,1,0,1,0,1,
+0,1,0,1,0,1,
+0,1,0,0,1,0,
 0,0,0,0,0,0,
 0,0,0,0,0,0,
 0,0,0,0,0,0,
@@ -2037,8 +1791,7 @@
 0,0,0,0,0,0,
 0,0,0,0,0,0,
 
-/* Char 135 */
-0,0,0,0,0,0,
+/* Char 127 */
 0,0,0,0,0,0,
 0,0,0,0,0,0,
 0,0,0,0,0,0,
@@ -2052,8 +1805,7 @@
 0,0,0,0,0,0,
 0,0,0,0,0,0,
 
-/* Char 136 */
-0,0,0,0,0,0,
+/* Char 128 */
 0,0,0,0,0,0,
 0,0,0,0,0,0,
 0,0,0,0,0,0,
@@ -2067,8 +1819,7 @@
 0,0,0,0,0,0,
 0,0,0,0,0,0,
 
-/* Char 137 */
-0,0,0,0,0,0,
+/* Char 129 */
 0,0,0,0,0,0,
 0,0,0,0,0,0,
 0,0,0,0,0,0,
@@ -2082,8 +1833,7 @@
 0,0,0,0,0,0,
 0,0,0,0,0,0,
 
-/* Char 138 */
-0,0,0,0,0,0,
+/* Char 130 */
 0,0,0,0,0,0,
 0,0,0,0,0,0,
 0,0,0,0,0,0,
@@ -2097,8 +1847,7 @@
 0,0,0,0,0,0,
 0,0,0,0,0,0,
 
-/* Char 139 */
-0,0,0,0,0,0,
+/* Char 131 */
 0,0,0,0,0,0,
 0,0,0,0,0,0,
 0,0,0,0,0,0,
@@ -2112,8 +1861,7 @@
 0,0,0,0,0,0,
 0,0,0,0,0,0,
 
-/* Char 140 */
-0,0,0,0,0,0,
+/* Char 132 */
 0,0,0,0,0,0,
 0,0,0,0,0,0,
 0,0,0,0,0,0,
@@ -2127,8 +1875,7 @@
 0,0,0,0,0,0,
 0,0,0,0,0,0,
 
-/* Char 141 */
-0,0,0,0,0,0,
+/* Char 133 */
 0,0,0,0,0,0,
 0,0,0,0,0,0,
 0,0,0,0,0,0,
@@ -2142,8 +1889,7 @@
 0,0,0,0,0,0,
 0,0,0,0,0,0,
 
-/* Char 142 */
-0,0,0,0,0,0,
+/* Char 134 */
 0,0,0,0,0,0,
 0,0,0,0,0,0,
 0,0,0,0,0,0,
@@ -2157,8 +1903,7 @@
 0,0,0,0,0,0,
 0,0,0,0,0,0,
 
-/* Char 143 */
-0,0,0,0,0,0,
+/* Char 135 */
 0,0,0,0,0,0,
 0,0,0,0,0,0,
 0,0,0,0,0,0,
@@ -2172,8 +1917,7 @@
 0,0,0,0,0,0,
 0,0,0,0,0,0,
 
-/* Char 144 */
-0,0,0,0,0,0,
+/* Char 136 */
 0,0,0,0,0,0,
 0,0,0,0,0,0,
 0,0,0,0,0,0,
@@ -2187,8 +1931,7 @@
 0,0,0,0,0,0,
 0,0,0,0,0,0,
 
-/* Char 145 */
-0,0,0,0,0,0,
+/* Char 137 */
 0,0,0,0,0,0,
 0,0,0,0,0,0,
 0,0,0,0,0,0,
@@ -2202,8 +1945,7 @@
 0,0,0,0,0,0,
 0,0,0,0,0,0,
 
-/* Char 146 */
-0,0,0,0,0,0,
+/* Char 138 */
 0,0,0,0,0,0,
 0,0,0,0,0,0,
 0,0,0,0,0,0,
@@ -2217,8 +1959,7 @@
 0,0,0,0,0,0,
 0,0,0,0,0,0,
 
-/* Char 147 */
-0,0,0,0,0,0,
+/* Char 139 */
 0,0,0,0,0,0,
 0,0,0,0,0,0,
 0,0,0,0,0,0,
@@ -2232,8 +1973,7 @@
 0,0,0,0,0,0,
 0,0,0,0,0,0,
 
-/* Char 148 */
-0,0,0,0,0,0,
+/* Char 140 */
 0,0,0,0,0,0,
 0,0,0,0,0,0,
 0,0,0,0,0,0,
@@ -2247,8 +1987,7 @@
 0,0,0,0,0,0,
 0,0,0,0,0,0,
 
-/* Char 149 */
-0,0,0,0,0,0,
+/* Char 141 */
 0,0,0,0,0,0,
 0,0,0,0,0,0,
 0,0,0,0,0,0,
@@ -2262,8 +2001,7 @@
 0,0,0,0,0,0,
 0,0,0,0,0,0,
 
-/* Char 150 */
-0,0,0,0,0,0,
+/* Char 142 */
 0,0,0,0,0,0,
 0,0,0,0,0,0,
 0,0,0,0,0,0,
@@ -2277,8 +2015,7 @@
 0,0,0,0,0,0,
 0,0,0,0,0,0,
 
-/* Char 151 */
-0,0,0,0,0,0,
+/* Char 143 */
 0,0,0,0,0,0,
 0,0,0,0,0,0,
 0,0,0,0,0,0,
@@ -2292,8 +2029,7 @@
 0,0,0,0,0,0,
 0,0,0,0,0,0,
 
-/* Char 152 */
-0,0,0,0,0,0,
+/* Char 144 */
 0,0,0,0,0,0,
 0,0,0,0,0,0,
 0,0,0,0,0,0,
@@ -2307,8 +2043,7 @@
 0,0,0,0,0,0,
 0,0,0,0,0,0,
 
-/* Char 153 */
-0,0,0,0,0,0,
+/* Char 145 */
 0,0,0,0,0,0,
 0,0,0,0,0,0,
 0,0,0,0,0,0,
@@ -2322,8 +2057,7 @@
 0,0,0,0,0,0,
 0,0,0,0,0,0,
 
-/* Char 154 */
-0,0,0,0,0,0,
+/* Char 146 */
 0,0,0,0,0,0,
 0,0,0,0,0,0,
 0,0,0,0,0,0,
@@ -2337,8 +2071,7 @@
 0,0,0,0,0,0,
 0,0,0,0,0,0,
 
-/* Char 155 */
-0,0,0,0,0,0,
+/* Char 147 */
 0,0,0,0,0,0,
 0,0,0,0,0,0,
 0,0,0,0,0,0,
@@ -2352,8 +2085,7 @@
 0,0,0,0,0,0,
 0,0,0,0,0,0,
 
-/* Char 156 */
-0,0,0,0,0,0,
+/* Char 148 */
 0,0,0,0,0,0,
 0,0,0,0,0,0,
 0,0,0,0,0,0,
@@ -2367,8 +2099,7 @@
 0,0,0,0,0,0,
 0,0,0,0,0,0,
 
-/* Char 157 */
-0,0,0,0,0,0,
+/* Char 149 */
 0,0,0,0,0,0,
 0,0,0,0,0,0,
 0,0,0,0,0,0,
@@ -2382,8 +2113,7 @@
 0,0,0,0,0,0,
 0,0,0,0,0,0,
 
-/* Char 158 */
-0,0,0,0,0,0,
+/* Char 150 */
 0,0,0,0,0,0,
 0,0,0,0,0,0,
 0,0,0,0,0,0,
@@ -2397,8 +2127,7 @@
 0,0,0,0,0,0,
 0,0,0,0,0,0,
 
-/* Char 159 */
-0,0,0,0,0,0,
+/* Char 151 */
 0,0,0,0,0,0,
 0,0,0,0,0,0,
 0,0,0,0,0,0,
@@ -2412,8 +2141,7 @@
 0,0,0,0,0,0,
 0,0,0,0,0,0,
 
-/* Char 160 */
-0,0,0,0,0,0,
+/* Char 152 */
 0,0,0,0,0,0,
 0,0,0,0,0,0,
 0,0,0,0,0,0,
@@ -2427,25 +2155,9 @@
 0,0,0,0,0,0,
 0,0,0,0,0,0,
 
-/* Char 161 */
-0,0,0,0,0,0,
-0,0,0,0,0,0,
+/* Char 153 */
 0,0,0,0,0,0,
-0,0,1,0,0,0,
-0,1,0,1,0,0,
-1,0,0,0,1,0,
-1,0,0,0,1,0,
-1,1,1,1,1,0,
-1,0,0,0,1,0,
-1,0,0,0,1,0,
-1,0,0,0,1,0,
-0,0,0,1,0,0,
-0,0,0,0,1,1,
-
-/* Char 162 */
 0,0,0,0,0,0,
-1,0,0,0,1,0,
-0,1,1,1,0,0,
 0,0,0,0,0,0,
 0,0,0,0,0,0,
 0,0,0,0,0,0,
@@ -2457,85 +2169,65 @@
 0,0,0,0,0,0,
 0,0,0,0,0,0,
 
-/* Char 163 */
+/* Char 154 */
 0,0,0,0,0,0,
 0,0,0,0,0,0,
 0,0,0,0,0,0,
-0,1,0,0,0,0,
-0,1,0,0,0,0,
-0,1,1,0,0,0,
-0,1,0,0,0,0,
-1,1,0,0,0,0,
-0,1,0,0,0,0,
-0,1,0,0,0,0,
-0,1,1,1,1,0,
 0,0,0,0,0,0,
 0,0,0,0,0,0,
-
-/* Char 164 */
 0,0,0,0,0,0,
 0,0,0,0,0,0,
 0,0,0,0,0,0,
-1,0,0,0,1,0,
-0,1,1,1,0,0,
-0,1,0,1,0,0,
-0,1,0,1,0,0,
-0,1,1,1,0,0,
-1,0,0,0,1,0,
 0,0,0,0,0,0,
 0,0,0,0,0,0,
 0,0,0,0,0,0,
 0,0,0,0,0,0,
 
-/* Char 165 */
+/* Char 155 */
+0,0,0,0,0,0,
+0,0,0,0,0,0,
+0,0,0,0,0,0,
+0,0,0,0,0,0,
+0,0,0,0,0,0,
 0,0,0,0,0,0,
 0,0,0,0,0,0,
-0,0,1,1,0,0,
-1,0,0,1,0,0,
-1,0,1,0,0,0,
-1,0,0,0,0,0,
-1,0,0,0,0,0,
-1,0,0,0,0,0,
-1,0,0,0,0,0,
-1,0,0,0,0,0,
-1,1,1,1,1,0,
 0,0,0,0,0,0,
 0,0,0,0,0,0,
-
-/* Char 166 */
-0,0,0,1,1,0,
-0,1,1,0,0,0,
 0,0,0,0,0,0,
-0,1,1,1,0,0,
-1,0,0,0,1,0,
-1,0,0,0,0,0,
-0,1,1,0,0,0,
-0,0,0,1,0,0,
-0,0,0,0,1,0,
-1,0,0,0,1,0,
-0,1,1,1,0,0,
 0,0,0,0,0,0,
 0,0,0,0,0,0,
 
-/* Char 167 */
+/* Char 156 */
 0,0,0,0,0,0,
 0,0,0,0,0,0,
 0,0,1,1,0,0,
 0,1,0,0,1,0,
-0,1,0,0,0,0,
-0,0,1,1,0,0,
-0,1,0,0,1,0,
 0,1,0,0,1,0,
 0,0,1,1,0,0,
+0,0,0,0,0,0,
+0,0,0,0,0,0,
+0,0,0,0,0,0,
+0,0,0,0,0,0,
+0,0,0,0,0,0,
+0,0,0,0,0,0,
+
+/* Char 157 */
+0,0,0,0,0,0,
+0,0,0,0,0,0,
+0,1,1,1,0,0,
 0,0,0,0,1,0,
-0,1,0,0,1,0,
-0,0,1,1,0,0,
+0,0,0,0,1,0,
+0,0,0,1,0,0,
+0,0,1,0,0,0,
+0,1,1,1,1,0,
+0,0,0,0,0,0,
+0,0,0,0,0,0,
+0,0,0,0,0,0,
 0,0,0,0,0,0,
 
-/* Char 168 */
+/* Char 158 */
 0,0,0,0,0,0,
 0,0,0,0,0,0,
-1,1,0,1,1,0,
 0,0,0,0,0,0,
 0,0,0,0,0,0,
 0,0,0,0,0,0,
@@ -2547,74 +2239,27 @@
 0,0,0,0,0,0,
 0,0,0,0,0,0,
 
-/* Char 169 */
-0,1,0,1,0,0,
-0,0,1,0,0,0,
+/* Char 159 */
 0,0,0,0,0,0,
-0,1,1,1,0,0,
-1,0,0,0,1,0,
-1,0,0,0,0,0,
-0,1,1,0,0,0,
-0,0,0,1,0,0,
-0,0,0,0,1,0,
-1,0,0,0,1,0,
-0,1,1,1,0,0,
 0,0,0,0,0,0,
 0,0,0,0,0,0,
-
-/* Char 170 */
 0,0,0,0,0,0,
 0,0,0,0,0,0,
 0,0,0,0,0,0,
-0,1,1,1,0,0,
-1,0,0,0,1,0,
-1,0,0,0,0,0,
-0,1,1,0,0,0,
-0,0,0,1,0,0,
-0,0,0,0,1,0,
-1,0,0,0,1,0,
-0,1,1,1,0,0,
-0,0,1,0,0,0,
-0,1,0,0,0,0,
-
-/* Char 171 */
-0,1,0,1,0,0,
-0,0,1,0,0,0,
 0,0,0,0,0,0,
-1,1,1,1,1,0,
-0,0,1,0,0,0,
-0,0,1,0,0,0,
-0,0,1,0,0,0,
-0,0,1,0,0,0,
-0,0,1,0,0,0,
-0,0,1,0,0,0,
-0,0,1,0,0,0,
 0,0,0,0,0,0,
 0,0,0,0,0,0,
-
-/* Char 172 */
-0,0,0,1,1,0,
-0,1,1,0,0,0,
 0,0,0,0,0,0,
-1,1,1,1,1,0,
-0,0,0,0,1,0,
-0,0,0,1,0,0,
-0,0,1,0,0,0,
-0,0,1,0,0,0,
-0,1,0,0,0,0,
-1,0,0,0,0,0,
-1,1,1,1,1,0,
 0,0,0,0,0,0,
 0,0,0,0,0,0,
 
-/* Char 173 */
+/* Char 160 */
 0,0,0,0,0,0,
 0,0,0,0,0,0,
 0,0,0,0,0,0,
 0,0,0,0,0,0,
 0,0,0,0,0,0,
 0,0,0,0,0,0,
-1,1,1,1,1,0,
 0,0,0,0,0,0,
 0,0,0,0,0,0,
 0,0,0,0,0,0,
@@ -2622,43 +2267,26 @@
 0,0,0,0,0,0,
 0,0,0,0,0,0,
 
-/* Char 174 */
-0,1,0,1,0,0,
-0,0,1,0,0,0,
+/* Char 161 */
+0,0,0,0,0,0,
+0,0,0,0,0,0,
+0,0,0,0,0,0,
+0,0,0,0,0,0,
+0,0,0,0,0,0,
+0,0,0,0,0,0,
 0,0,0,0,0,0,
-1,1,1,1,1,0,
-0,0,0,0,1,0,
-0,0,0,1,0,0,
-0,0,1,0,0,0,
-0,0,1,0,0,0,
-0,1,0,0,0,0,
-1,0,0,0,0,0,
-1,1,1,1,1,0,
 0,0,0,0,0,0,
 0,0,0,0,0,0,
-
-/* Char 175 */
-0,0,1,0,0,0,
-0,0,1,0,0,0,
 0,0,0,0,0,0,
-1,1,1,1,1,0,
-0,0,0,0,1,0,
-0,0,0,1,0,0,
-0,0,1,0,0,0,
-0,0,1,0,0,0,
-0,1,0,0,0,0,
-1,0,0,0,0,0,
-1,1,1,1,1,0,
 0,0,0,0,0,0,
 0,0,0,0,0,0,
 
-/* Char 176 */
+/* Char 162 */
+0,0,0,0,0,0,
+0,0,0,0,0,0,
+0,0,0,0,0,0,
 0,0,0,0,0,0,
 0,0,0,0,0,0,
-0,0,1,1,0,0,
-0,1,0,0,1,0,
-0,1,0,0,1,0,
-0,0,1,1,0,0,
 0,0,0,0,0,0,
 0,0,0,0,0,0,
 0,0,0,0,0,0,
@@ -2667,22 +2295,23 @@
 0,0,0,0,0,0,
 0,0,0,0,0,0,
 
-/* Char 177 */
+/* Char 163 */
 0,0,0,0,0,0,
 0,0,0,0,0,0,
+0,0,1,0,1,0,
 0,0,0,0,0,0,
+0,0,1,1,1,0,
+0,1,0,0,0,1,
+0,1,1,1,1,1,
+0,1,0,0,0,0,
+0,1,0,0,0,0,
+0,0,1,1,1,0,
 0,0,0,0,0,0,
 0,0,0,0,0,0,
-0,1,1,1,0,0,
-0,0,0,0,1,0,
-0,1,1,1,1,0,
-1,0,0,0,1,0,
-1,0,0,1,1,0,
-0,1,1,0,1,0,
-0,0,0,1,0,0,
-0,0,0,0,1,1,
 
-/* Char 178 */
+/* Char 164 */
+0,0,0,0,0,0,
+0,0,0,0,0,0,
 0,0,0,0,0,0,
 0,0,0,0,0,0,
 0,0,0,0,0,0,
@@ -2693,75 +2322,39 @@
 0,0,0,0,0,0,
 0,0,0,0,0,0,
 0,0,0,0,0,0,
-0,0,0,1,0,0,
-0,0,1,0,0,0,
-0,0,0,1,1,0,
 
-/* Char 179 */
+/* Char 165 */
 0,0,0,0,0,0,
 0,0,0,0,0,0,
 0,0,0,0,0,0,
-0,1,1,0,0,0,
-0,0,1,0,0,0,
-0,0,1,1,0,0,
-0,0,1,0,0,0,
-0,1,1,0,0,0,
-0,0,1,0,0,0,
-0,0,1,0,0,0,
-0,1,1,1,0,0,
 0,0,0,0,0,0,
 0,0,0,0,0,0,
-
-/* Char 180 */
 0,0,0,0,0,0,
-0,0,0,1,0,0,
-0,0,1,0,0,0,
-0,1,0,0,0,0,
 0,0,0,0,0,0,
 0,0,0,0,0,0,
 0,0,0,0,0,0,
 0,0,0,0,0,0,
 0,0,0,0,0,0,
 0,0,0,0,0,0,
+
+/* Char 166 */
 0,0,0,0,0,0,
 0,0,0,0,0,0,
 0,0,0,0,0,0,
-
-/* Char 181 */
 0,0,0,0,0,0,
 0,0,0,0,0,0,
-0,0,0,0,1,1,
-0,1,1,0,0,1,
-0,0,1,0,1,0,
-0,0,1,0,0,0,
-0,0,1,0,0,0,
-0,0,1,0,0,0,
-0,0,1,0,0,0,
-0,0,1,0,0,0,
-0,1,1,1,0,0,
 0,0,0,0,0,0,
 0,0,0,0,0,0,
-
-/* Char 182 */
 0,0,0,0,0,0,
 0,0,0,0,0,0,
-0,0,0,1,1,0,
-0,1,1,0,0,0,
 0,0,0,0,0,0,
-0,1,1,1,0,0,
-1,0,0,0,1,0,
-0,1,1,0,0,0,
-0,0,0,1,0,0,
-1,0,0,0,1,0,
-0,1,1,1,0,0,
 0,0,0,0,0,0,
 0,0,0,0,0,0,
 
-/* Char 183 */
+/* Char 167 */
+0,0,0,0,0,0,
+0,0,0,0,0,0,
 0,0,0,0,0,0,
-1,0,0,0,1,0,
-0,1,0,1,0,0,
-0,0,1,0,0,0,
 0,0,0,0,0,0,
 0,0,0,0,0,0,
 0,0,0,0,0,0,
@@ -2772,7 +2365,9 @@
 0,0,0,0,0,0,
 0,0,0,0,0,0,
 
-/* Char 184 */
+/* Char 168 */
+0,0,0,0,0,0,
+0,0,0,0,0,0,
 0,0,0,0,0,0,
 0,0,0,0,0,0,
 0,0,0,0,0,0,
@@ -2783,352 +2378,550 @@
 0,0,0,0,0,0,
 0,0,0,0,0,0,
 0,0,0,0,0,0,
-0,0,1,0,0,0,
-0,0,0,1,0,0,
-0,1,1,0,0,0,
 
-/* Char 185 */
+/* Char 169 */
+0,0,0,0,0,0,
+0,0,0,0,0,0,
 0,0,0,0,0,0,
 0,0,0,0,0,0,
-0,1,0,1,0,0,
-0,0,1,0,0,0,
 0,0,0,0,0,0,
-0,1,1,1,0,0,
-1,0,0,0,1,0,
-0,1,1,0,0,0,
-0,0,0,1,0,0,
-1,0,0,0,1,0,
-0,1,1,1,0,0,
 0,0,0,0,0,0,
 0,0,0,0,0,0,
-
-/* Char 186 */
 0,0,0,0,0,0,
 0,0,0,0,0,0,
 0,0,0,0,0,0,
 0,0,0,0,0,0,
 0,0,0,0,0,0,
-0,1,1,1,0,0,
-1,0,0,0,1,0,
-0,1,1,0,0,0,
-0,0,0,1,0,0,
-1,0,0,0,1,0,
-0,1,1,1,0,0,
-0,0,1,0,0,0,
-0,1,0,0,0,0,
 
-/* Char 187 */
+/* Char 170 */
 0,0,0,0,0,0,
-0,0,0,1,1,0,
-0,0,0,0,1,0,
-0,1,0,1,0,0,
-0,1,0,0,0,0,
-1,1,1,1,0,0,
-0,1,0,0,0,0,
-0,1,0,0,0,0,
-0,1,0,0,0,0,
-0,1,0,0,1,0,
-0,0,1,1,0,0,
 0,0,0,0,0,0,
 0,0,0,0,0,0,
-
-/* Char 188 */
 0,0,0,0,0,0,
 0,0,0,0,0,0,
-0,0,0,1,1,0,
-0,1,1,0,0,0,
 0,0,0,0,0,0,
-1,1,1,1,1,0,
-0,0,0,1,0,0,
-0,0,1,0,0,0,
-0,1,0,0,0,0,
-1,0,0,0,0,0,
-1,1,1,1,1,0,
 0,0,0,0,0,0,
 0,0,0,0,0,0,
-
-/* Char 189 */
 0,0,0,0,0,0,
-0,0,1,0,0,1,
-0,1,0,0,1,0,
-1,0,0,1,0,0,
 0,0,0,0,0,0,
 0,0,0,0,0,0,
 0,0,0,0,0,0,
+
+/* Char 171 */
+0,0,0,0,0,0,
 0,0,0,0,0,0,
 0,0,0,0,0,0,
 0,0,0,0,0,0,
 0,0,0,0,0,0,
 0,0,0,0,0,0,
 0,0,0,0,0,0,
-
-/* Char 190 */
 0,0,0,0,0,0,
 0,0,0,0,0,0,
-0,1,0,1,0,0,
-0,0,1,0,0,0,
 0,0,0,0,0,0,
-1,1,1,1,1,0,
-0,0,0,1,0,0,
-0,0,1,0,0,0,
-0,1,0,0,0,0,
-1,0,0,0,0,0,
-1,1,1,1,1,0,
 0,0,0,0,0,0,
 0,0,0,0,0,0,
 
-/* Char 191 */
+/* Char 172 */
+0,0,0,0,0,0,
 0,0,0,0,0,0,
 0,0,0,0,0,0,
-0,0,1,0,0,0,
-0,0,1,0,0,0,
 0,0,0,0,0,0,
-1,1,1,1,1,0,
-0,0,0,1,0,0,
-0,0,1,0,0,0,
-0,1,0,0,0,0,
-1,0,0,0,0,0,
-1,1,1,1,1,0,
 0,0,0,0,0,0,
 0,0,0,0,0,0,
-
-/* Char 192 */
-0,0,0,1,1,0,
-0,1,1,0,0,0,
 0,0,0,0,0,0,
-1,1,1,1,0,0,
-1,0,0,0,1,0,
-1,0,0,0,1,0,
-1,0,0,0,1,0,
-1,1,1,1,0,0,
-1,0,1,0,0,0,
-1,0,0,1,0,0,
-1,0,0,0,1,0,
 0,0,0,0,0,0,
 0,0,0,0,0,0,
-
-/* Char 193 */
-0,0,0,1,1,0,
-0,1,1,0,0,0,
 0,0,0,0,0,0,
-0,0,1,0,0,0,
-0,1,0,1,0,0,
-1,0,0,0,1,0,
-1,0,0,0,1,0,
-1,1,1,1,1,0,
-1,0,0,0,1,0,
-1,0,0,0,1,0,
-1,0,0,0,1,0,
 0,0,0,0,0,0,
 0,0,0,0,0,0,
 
-/* Char 194 */
-0,0,1,0,0,0,
-0,1,0,1,0,0,
-1,0,0,0,1,0,
-0,0,1,0,0,0,
-0,1,0,1,0,0,
-1,0,0,0,1,0,
-1,0,0,0,1,0,
-1,1,1,1,1,0,
-1,0,0,0,1,0,
-1,0,0,0,1,0,
-1,0,0,0,1,0,
+/* Char 173 */
+0,0,0,0,0,0,
 0,0,0,0,0,0,
 0,0,0,0,0,0,
-
-/* Char 195 */
-1,0,0,0,1,0,
-0,1,1,1,0,0,
 0,0,0,0,0,0,
-0,0,1,0,0,0,
-0,1,0,1,0,0,
-1,0,0,0,1,0,
-1,0,0,0,1,0,
-1,1,1,1,1,0,
-1,0,0,0,1,0,
-1,0,0,0,1,0,
-1,0,0,0,1,0,
 0,0,0,0,0,0,
 0,0,0,0,0,0,
-
-/* Char 196 */
-1,0,0,0,1,0,
-1,0,0,0,1,0,
 0,0,0,0,0,0,
-0,0,1,0,0,0,
-0,1,0,1,0,0,
-1,0,0,0,1,0,
-1,0,0,0,1,0,
-1,1,1,1,1,0,
-1,0,0,0,1,0,
-1,0,0,0,1,0,
-1,0,0,0,1,0,
 0,0,0,0,0,0,
 0,0,0,0,0,0,
-
-/* Char 197 */
-0,0,0,1,1,0,
-0,1,1,0,0,0,
 0,0,0,0,0,0,
-1,0,0,0,0,0,
-1,0,0,0,0,0,
-1,0,0,0,0,0,
-1,0,0,0,0,0,
-1,0,0,0,0,0,
-1,0,0,0,0,0,
-1,0,0,0,0,0,
-1,1,1,1,1,0,
 0,0,0,0,0,0,
 0,0,0,0,0,0,
 
-/* Char 198 */
-0,0,0,1,1,0,
-0,1,1,0,0,0,
+/* Char 174 */
 0,0,0,0,0,0,
-0,1,1,1,0,0,
-1,0,0,0,1,0,
-1,0,0,0,0,0,
-1,0,0,0,0,0,
-1,0,0,0,0,0,
-1,0,0,0,0,0,
-1,0,0,0,1,0,
-0,1,1,1,0,0,
 0,0,0,0,0,0,
 0,0,0,0,0,0,
-
-/* Char 199 */
 0,0,0,0,0,0,
 0,0,0,0,0,0,
 0,0,0,0,0,0,
-0,1,1,1,0,0,
-1,0,0,0,1,0,
-1,0,0,0,0,0,
-1,0,0,0,0,0,
-1,0,0,0,0,0,
-1,0,0,0,0,0,
-1,0,0,0,1,0,
-0,1,1,1,0,0,
-0,0,0,1,0,0,
-0,1,1,0,0,0,
-
-/* Char 200 */
-0,1,0,1,0,0,
-0,0,1,0,0,0,
 0,0,0,0,0,0,
-0,1,1,1,0,0,
-1,0,0,0,1,0,
-1,0,0,0,0,0,
-1,0,0,0,0,0,
-1,0,0,0,0,0,
-1,0,0,0,0,0,
-1,0,0,0,1,0,
-0,1,1,1,0,0,
 0,0,0,0,0,0,
 0,0,0,0,0,0,
-
-/* Char 201 */
-0,0,0,1,1,0,
-0,1,1,0,0,0,
 0,0,0,0,0,0,
-1,1,1,1,1,0,
-1,0,0,0,0,0,
-1,0,0,0,0,0,
-1,1,1,1,0,0,
-1,0,0,0,0,0,
-1,0,0,0,0,0,
-1,0,0,0,0,0,
-1,1,1,1,1,0,
 0,0,0,0,0,0,
 0,0,0,0,0,0,
 
-/* Char 202 */
+/* Char 175 */
+0,0,0,0,0,0,
+0,0,0,0,0,0,
+0,0,0,0,0,0,
 0,0,0,0,0,0,
 0,0,0,0,0,0,
 0,0,0,0,0,0,
-1,1,1,1,1,0,
-1,0,0,0,0,0,
-1,0,0,0,0,0,
-1,1,1,1,0,0,
-1,0,0,0,0,0,
-1,0,0,0,0,0,
-1,0,0,0,0,0,
-1,1,1,1,1,0,
-0,0,1,0,0,0,
-0,0,0,1,1,0,
-
-/* Char 203 */
-0,1,0,1,0,0,
-0,1,0,1,0,0,
 0,0,0,0,0,0,
-1,1,1,1,1,0,
-1,0,0,0,0,0,
-1,0,0,0,0,0,
-1,1,1,1,0,0,
-1,0,0,0,0,0,
-1,0,0,0,0,0,
-1,0,0,0,0,0,
-1,1,1,1,1,0,
 0,0,0,0,0,0,
 0,0,0,0,0,0,
-
-/* Char 204 */
-0,1,0,1,0,0,
-0,0,1,0,0,0,
 0,0,0,0,0,0,
-1,1,1,1,1,0,
-1,0,0,0,0,0,
-1,0,0,0,0,0,
-1,1,1,1,0,0,
-1,0,0,0,0,0,
-1,0,0,0,0,0,
-1,0,0,0,0,0,
-1,1,1,1,1,0,
 0,0,0,0,0,0,
 0,0,0,0,0,0,
 
-/* Char 205 */
-0,0,0,1,1,0,
-0,1,1,0,0,0,
+/* Char 176 */
 0,0,0,0,0,0,
-0,1,1,1,0,0,
-0,0,1,0,0,0,
-0,0,1,0,0,0,
-0,0,1,0,0,0,
+0,0,0,0,0,0,
+0,0,0,0,0,0,
+0,0,0,0,0,0,
+0,0,0,0,0,0,
+0,0,0,0,0,0,
+0,0,0,0,0,0,
+0,0,0,0,0,0,
+0,0,0,0,0,0,
+0,0,0,0,0,0,
+0,0,0,0,0,0,
+0,0,0,0,0,0,
+
+/* Char 177 */
+0,0,0,0,0,0,
+0,0,0,0,0,0,
+0,0,0,0,0,0,
+0,0,0,0,0,0,
+0,0,0,0,0,0,
+0,0,0,0,0,0,
+0,0,0,0,0,0,
+0,0,0,0,0,0,
+0,0,0,0,0,0,
+0,0,0,0,0,0,
+0,0,0,0,0,0,
+0,0,0,0,0,0,
+
+/* Char 178 */
+0,0,0,0,0,0,
+0,0,0,0,0,0,
+0,0,0,0,0,0,
+0,0,0,0,0,0,
+0,0,0,0,0,0,
+0,0,0,0,0,0,
+0,0,0,0,0,0,
+0,0,0,0,0,0,
+0,0,0,0,0,0,
+0,0,0,0,0,0,
+0,0,0,0,0,0,
+0,0,0,0,0,0,
+
+/* Char 179 */
+0,0,1,0,1,0,
+0,0,0,0,0,0,
+0,1,1,1,1,1,
+0,1,0,0,0,1,
+0,1,0,0,0,0,
+0,1,1,1,1,0,
+0,1,0,0,0,0,
+0,1,0,0,0,0,
+0,1,0,0,0,1,
+0,1,1,1,1,1,
+0,0,0,0,0,0,
+0,0,0,0,0,0,
+
+/* Char 180 */
+0,0,0,0,0,0,
+0,0,0,0,0,0,
+0,0,0,0,0,0,
+0,0,0,0,0,0,
+0,0,0,0,0,0,
+0,0,0,0,0,0,
+0,0,0,0,0,0,
+0,0,0,0,0,0,
+0,0,0,0,0,0,
+0,0,0,0,0,0,
+0,0,0,0,0,0,
+0,0,0,0,0,0,
+
+/* Char 181 */
+0,0,0,0,0,0,
+0,0,0,0,0,0,
+0,0,0,0,0,0,
+0,0,0,0,0,0,
+0,0,0,0,0,0,
+0,0,0,0,0,0,
+0,0,0,0,0,0,
+0,0,0,0,0,0,
+0,0,0,0,0,0,
+0,0,0,0,0,0,
+0,0,0,0,0,0,
+0,0,0,0,0,0,
+
+/* Char 182 */
+0,0,0,0,0,0,
+0,0,0,0,0,0,
+0,0,0,0,0,0,
+0,0,0,0,0,0,
+0,0,0,0,0,0,
+0,0,0,0,0,0,
+0,0,0,0,0,0,
+0,0,0,0,0,0,
+0,0,0,0,0,0,
+0,0,0,0,0,0,
+0,0,0,0,0,0,
+0,0,0,0,0,0,
+
+/* Char 183 */
+0,0,0,0,0,0,
+0,0,0,0,0,0,
+0,0,0,0,0,0,
+0,0,0,0,0,0,
+0,0,0,0,0,0,
+0,0,0,0,0,0,
+0,0,0,0,0,0,
+0,0,0,0,0,0,
+0,0,0,0,0,0,
+0,0,0,0,0,0,
+0,0,0,0,0,0,
+0,0,0,0,0,0,
+
+/* Char 184 */
+0,0,0,0,0,0,
+0,0,0,0,0,0,
+0,0,0,0,0,0,
+0,0,0,0,0,0,
+0,0,0,0,0,0,
+0,0,0,0,0,0,
+0,0,0,0,0,0,
+0,0,0,0,0,0,
+0,0,0,0,0,0,
+0,0,0,0,0,0,
+0,0,0,0,0,0,
+0,0,0,0,0,0,
+
+/* Char 185 */
+0,0,0,0,0,0,
+0,0,0,0,0,0,
+0,0,0,0,0,0,
+0,0,0,0,0,0,
+0,0,0,0,0,0,
+0,0,0,0,0,0,
+0,0,0,0,0,0,
+0,0,0,0,0,0,
+0,0,0,0,0,0,
+0,0,0,0,0,0,
+0,0,0,0,0,0,
+0,0,0,0,0,0,
+
+/* Char 186 */
+0,0,0,0,0,0,
+0,0,0,0,0,0,
+0,0,0,0,0,0,
+0,0,0,0,0,0,
+0,0,0,0,0,0,
+0,0,0,0,0,0,
+0,0,0,0,0,0,
+0,0,0,0,0,0,
+0,0,0,0,0,0,
+0,0,0,0,0,0,
+0,0,0,0,0,0,
+0,0,0,0,0,0,
+
+/* Char 187 */
+0,0,0,0,0,0,
+0,0,0,0,0,0,
+0,0,0,0,0,0,
+0,0,0,0,0,0,
+0,0,0,0,0,0,
+0,0,0,0,0,0,
+0,0,0,0,0,0,
+0,0,0,0,0,0,
+0,0,0,0,0,0,
+0,0,0,0,0,0,
+0,0,0,0,0,0,
+0,0,0,0,0,0,
+
+/* Char 188 */
+0,0,0,0,0,0,
+0,0,0,0,0,0,
+0,0,0,0,0,0,
+0,0,0,0,0,0,
+0,0,0,0,0,0,
+0,0,0,0,0,0,
+0,0,0,0,0,0,
+0,0,0,0,0,0,
+0,0,0,0,0,0,
+0,0,0,0,0,0,
+0,0,0,0,0,0,
+0,0,0,0,0,0,
+
+/* Char 189 */
+0,0,0,0,0,0,
+0,0,0,0,0,0,
+0,0,0,0,0,0,
+0,0,0,0,0,0,
+0,0,0,0,0,0,
+0,0,0,0,0,0,
+0,0,0,0,0,0,
+0,0,0,0,0,0,
+0,0,0,0,0,0,
+0,0,0,0,0,0,
+0,0,0,0,0,0,
+0,0,0,0,0,0,
+
+/* Char 190 */
+0,0,0,0,0,0,
+0,0,0,0,0,0,
+0,0,0,0,0,0,
+0,0,0,0,0,0,
+0,0,0,0,0,0,
+0,0,0,0,0,0,
+0,0,0,0,0,0,
+0,0,0,0,0,0,
+0,0,0,0,0,0,
+0,0,0,0,0,0,
+0,0,0,0,0,0,
+0,0,0,0,0,0,
+
+/* Char 191 */
+0,0,0,0,0,0,
+0,0,0,0,0,0,
+0,1,1,1,1,0,
+1,0,0,0,0,1,
+1,0,1,1,0,1,
+1,1,0,0,0,1,
+1,1,0,0,0,1,
+1,1,0,0,0,1,
+1,1,0,0,0,1,
+1,0,1,1,0,1,
+1,0,0,0,0,1,
+0,1,1,1,1,0,
+
+/* Char 192 */
+0,0,0,0,0,0,
+0,0,0,0,0,0,
+0,0,0,0,0,0,
+0,0,0,0,0,0,
+0,1,0,0,1,0,
+0,1,0,1,0,1,
+0,1,1,1,0,1,
+0,1,0,1,0,1,
+0,1,0,1,0,1,
+0,1,0,0,1,0,
+0,0,0,0,0,0,
+0,0,0,0,0,0,
+
+/* Char 193 */
+0,0,0,0,0,0,
+0,0,0,0,0,0,
+0,0,0,0,0,0,
+0,0,0,0,0,0,
+0,0,1,1,1,0,
+0,0,0,0,0,1,
+0,0,1,1,1,1,
+0,1,0,0,0,1,
+0,1,0,0,0,1,
+0,0,1,1,1,1,
+0,0,0,0,0,0,
+0,0,0,0,0,0,
+
+/* Char 194 */
+0,0,0,0,0,0,
+0,0,0,0,0,0,
+0,0,0,0,0,1,
+0,0,1,1,1,0,
+0,1,0,0,0,0,
+0,1,1,1,1,1,
+0,1,0,0,0,1,
+0,1,0,0,0,1,
+0,1,0,0,0,1,
+0,0,1,1,1,0,
+0,0,0,0,0,0,
+0,0,0,0,0,0,
+
+/* Char 195 */
+0,0,0,0,0,0,
+0,0,0,0,0,0,
+0,0,0,0,0,0,
+0,0,0,0,0,0,
+0,1,0,0,1,0,
+0,1,0,0,1,0,
+0,1,0,0,1,0,
+0,1,0,0,1,0,
+0,1,0,0,1,0,
+0,1,1,1,1,1,
+0,0,0,0,0,1,
+0,0,0,0,0,0,
+
+/* Char 196 */
+0,0,0,0,0,0,
+0,0,0,0,0,0,
+0,0,0,0,0,0,
+0,0,0,0,0,0,
+0,0,1,1,1,0,
+0,0,1,0,1,0,
+0,0,1,0,1,0,
+0,0,1,0,1,0,
+0,1,0,0,1,0,
+1,1,1,1,1,1,
+1,0,0,0,0,1,
+0,0,0,0,0,0,
+
+/* Char 197 */
+0,0,0,0,0,0,
+0,0,0,0,0,0,
+0,0,0,0,0,0,
+0,0,0,0,0,0,
+0,0,1,1,1,0,
+0,1,0,0,0,1,
+0,1,1,1,1,1,
+0,1,0,0,0,0,
+0,1,0,0,0,0,
+0,0,1,1,1,0,
+0,0,0,0,0,0,
+0,0,0,0,0,0,
+
+/* Char 198 */
+0,0,0,0,0,0,
+0,0,0,0,0,0,
+0,0,0,0,0,0,
+0,0,0,1,0,0,
+0,0,1,1,1,0,
+0,1,0,1,0,1,
+0,1,0,1,0,1,
+0,1,0,1,0,1,
+0,1,0,1,0,1,
+0,0,1,1,1,0,
+0,0,0,1,0,0,
+0,0,0,1,0,0,
+
+/* Char 199 */
+0,0,0,0,0,0,
+0,0,0,0,0,0,
+0,0,0,0,0,0,
+0,0,0,0,0,0,
+0,1,1,1,1,1,
+0,0,1,0,0,1,
 0,0,1,0,0,0,
 0,0,1,0,0,0,
 0,0,1,0,0,0,
 0,1,1,1,0,0,
 0,0,0,0,0,0,
 0,0,0,0,0,0,
-
-/* Char 206 */
-0,0,1,0,0,0,
-0,1,0,1,0,0,
+
+/* Char 200 */
+0,0,0,0,0,0,
+0,0,0,0,0,0,
+0,0,0,0,0,0,
+0,0,0,0,0,0,
+0,1,0,0,0,1,
+0,0,1,0,1,0,
+0,0,0,1,0,0,
+0,0,0,1,0,0,
+0,0,1,0,1,0,
+0,1,0,0,0,1,
+0,0,0,0,0,0,
+0,0,0,0,0,0,
+
+/* Char 201 */
+0,0,0,0,0,0,
+0,0,0,0,0,0,
+0,0,0,0,0,0,
+0,0,0,0,0,0,
+0,1,0,0,0,1,
+0,1,0,0,0,1,
+0,1,0,0,1,1,
+0,1,0,1,0,1,
+0,1,1,0,0,1,
+0,1,0,0,0,1,
+0,0,0,0,0,0,
+0,0,0,0,0,0,
+
+/* Char 202 */
+0,0,0,0,0,0,
+0,0,0,0,0,0,
+0,0,1,0,1,0,
+0,0,0,1,0,0,
+0,1,0,0,0,1,
+0,1,0,0,0,1,
+0,1,0,0,1,1,
+0,1,0,1,0,1,
+0,1,1,0,0,1,
+0,1,0,0,0,1,
+0,0,0,0,0,0,
+0,0,0,0,0,0,
+
+/* Char 203 */
+0,0,0,0,0,0,
+0,0,0,0,0,0,
+0,0,0,0,0,0,
+0,0,0,0,0,0,
+0,1,0,0,0,1,
+0,1,0,0,1,0,
+0,1,1,1,0,0,
+0,1,0,1,0,0,
+0,1,0,0,1,0,
+0,1,0,0,0,1,
+0,0,0,0,0,0,
+0,0,0,0,0,0,
+
+/* Char 204 */
+0,0,0,0,0,0,
+0,0,0,0,0,0,
+0,0,0,0,0,0,
+0,0,0,0,0,0,
+0,0,1,1,1,1,
+0,0,1,0,0,1,
+0,0,1,0,0,1,
+0,0,1,0,0,1,
+0,0,1,0,0,1,
+0,1,0,0,0,1,
+0,0,0,0,0,0,
+0,0,0,0,0,0,
+
+/* Char 205 */
+0,0,0,0,0,0,
+0,0,0,0,0,0,
+0,0,0,0,0,0,
+0,0,0,0,0,0,
+0,1,0,0,0,1,
+0,1,1,0,1,1,
+0,1,0,1,0,1,
+0,1,0,1,0,1,
+0,1,0,0,0,1,
+0,1,0,0,0,1,
+0,0,0,0,0,0,
+0,0,0,0,0,0,
+
+/* Char 206 */
+0,0,0,0,0,0,
+0,0,0,0,0,0,
+0,0,0,0,0,0,
 0,0,0,0,0,0,
-0,1,1,1,0,0,
-0,0,1,0,0,0,
-0,0,1,0,0,0,
-0,0,1,0,0,0,
-0,0,1,0,0,0,
-0,0,1,0,0,0,
-0,0,1,0,0,0,
-0,1,1,1,0,0,
+0,1,0,0,0,1,
+0,1,0,0,0,1,
+0,1,1,1,1,1,
+0,1,0,0,0,1,
+0,1,0,0,0,1,
+0,1,0,0,0,1,
 0,0,0,0,0,0,
 0,0,0,0,0,0,
 
 /* Char 207 */
-0,1,0,1,0,0,
-0,0,1,0,0,0,
 0,0,0,0,0,0,
-1,1,1,1,0,0,
-1,0,0,0,1,0,
-1,0,0,0,1,0,
-1,0,0,0,1,0,
-1,0,0,0,1,0,
-1,0,0,0,1,0,
-1,0,0,0,1,0,
-1,1,1,1,0,0,
+0,0,0,0,0,0,
+0,0,0,0,0,0,
+0,0,0,0,0,0,
+0,0,1,1,1,0,
+0,1,0,0,0,1,
+0,1,0,0,0,1,
+0,1,0,0,0,1,
+0,1,0,0,0,1,
+0,0,1,1,1,0,
 0,0,0,0,0,0,
 0,0,0,0,0,0,
 
@@ -3136,719 +2929,671 @@
 0,0,0,0,0,0,
 0,0,0,0,0,0,
 0,0,0,0,0,0,
-1,1,1,1,0,0,
-0,1,0,0,1,0,
-0,1,0,0,1,0,
-1,1,1,0,1,0,
-0,1,0,0,1,0,
-0,1,0,0,1,0,
-0,1,0,0,1,0,
-1,1,1,1,0,0,
+0,0,0,0,0,0,
+0,1,1,1,1,1,
+0,1,0,0,0,1,
+0,1,0,0,0,1,
+0,1,0,0,0,1,
+0,1,0,0,0,1,
+0,1,0,0,0,1,
 0,0,0,0,0,0,
 0,0,0,0,0,0,
 
 /* Char 209 */
-0,0,0,1,1,0,
-0,1,1,0,0,0,
 0,0,0,0,0,0,
-1,0,0,0,1,0,
-1,1,0,0,1,0,
-1,1,0,0,1,0,
-1,0,1,0,1,0,
-1,0,1,0,1,0,
-1,0,0,1,1,0,
-1,0,0,1,1,0,
-1,0,0,0,1,0,
+0,0,0,0,0,0,
+0,0,0,0,0,0,
+0,0,0,0,0,0,
+0,0,1,1,1,1,
+0,1,0,0,0,1,
+0,1,0,0,0,1,
+0,0,1,1,1,1,
+0,0,1,0,0,1,
+0,1,0,0,0,1,
 0,0,0,0,0,0,
 0,0,0,0,0,0,
 
 /* Char 210 */
-0,1,0,1,0,0,
-0,0,1,0,0,0,
 0,0,0,0,0,0,
-1,0,0,0,1,0,
-1,1,0,0,1,0,
-1,1,0,0,1,0,
-1,0,1,0,1,0,
-1,0,1,0,1,0,
-1,0,0,1,1,0,
-1,0,0,1,1,0,
-1,0,0,0,1,0,
 0,0,0,0,0,0,
 0,0,0,0,0,0,
+0,0,0,0,0,0,
+0,1,1,1,1,0,
+0,1,0,0,0,1,
+0,1,0,0,0,1,
+0,1,0,0,0,1,
+0,1,0,0,0,1,
+0,1,1,1,1,0,
+0,1,0,0,0,0,
+0,1,0,0,0,0,
 
 /* Char 211 */
-0,0,0,1,1,0,
-0,1,1,0,0,0,
 0,0,0,0,0,0,
-0,1,1,1,0,0,
-1,0,0,0,1,0,
-1,0,0,0,1,0,
-1,0,0,0,1,0,
-1,0,0,0,1,0,
-1,0,0,0,1,0,
-1,0,0,0,1,0,
-0,1,1,1,0,0,
+0,0,0,0,0,0,
+0,0,0,0,0,0,
+0,0,0,0,0,0,
+0,0,1,1,1,0,
+0,1,0,0,0,1,
+0,1,0,0,0,0,
+0,1,0,0,0,0,
+0,1,0,0,0,1,
+0,0,1,1,1,0,
 0,0,0,0,0,0,
 0,0,0,0,0,0,
 
 /* Char 212 */
-0,0,1,0,0,0,
-0,1,0,1,0,0,
 0,0,0,0,0,0,
-0,1,1,1,0,0,
-1,0,0,0,1,0,
-1,0,0,0,1,0,
-1,0,0,0,1,0,
-1,0,0,0,1,0,
-1,0,0,0,1,0,
-1,0,0,0,1,0,
-0,1,1,1,0,0,
+0,0,0,0,0,0,
+0,0,0,0,0,0,
+0,0,0,0,0,0,
+0,1,1,1,1,1,
+0,1,0,1,0,1,
+0,0,0,1,0,0,
+0,0,0,1,0,0,
+0,0,0,1,0,0,
+0,0,1,1,1,0,
 0,0,0,0,0,0,
 0,0,0,0,0,0,
 
 /* Char 213 */
-0,0,1,0,0,1,
-0,1,0,0,1,0,
 0,0,0,0,0,0,
-0,1,1,1,0,0,
-1,0,0,0,1,0,
-1,0,0,0,1,0,
-1,0,0,0,1,0,
-1,0,0,0,1,0,
-1,0,0,0,1,0,
-1,0,0,0,1,0,
-0,1,1,1,0,0,
 0,0,0,0,0,0,
 0,0,0,0,0,0,
+0,0,0,0,0,0,
+0,1,0,0,0,1,
+0,1,0,0,0,1,
+0,0,1,0,0,1,
+0,0,1,0,1,0,
+0,0,0,1,1,0,
+0,0,0,1,0,0,
+0,0,0,1,0,0,
+0,1,1,0,0,0,
 
 /* Char 214 */
-0,1,0,1,0,0,
-0,1,0,1,0,0,
 0,0,0,0,0,0,
-0,1,1,1,0,0,
-1,0,0,0,1,0,
-1,0,0,0,1,0,
-1,0,0,0,1,0,
-1,0,0,0,1,0,
-1,0,0,0,1,0,
-1,0,0,0,1,0,
-0,1,1,1,0,0,
 0,0,0,0,0,0,
 0,0,0,0,0,0,
-
-/* Char 215 */
 0,0,0,0,0,0,
+0,1,0,1,0,1,
+0,1,0,1,0,1,
+0,0,1,1,1,0,
+0,1,0,1,0,1,
+0,1,0,1,0,1,
+0,1,0,1,0,1,
 0,0,0,0,0,0,
 0,0,0,0,0,0,
+
+/* Char 215 */
+0,0,0,0,0,0,
 0,0,0,0,0,0,
 0,0,0,0,0,0,
-1,0,0,0,1,0,
-0,1,0,1,0,0,
-0,0,1,0,0,0,
-0,1,0,1,0,0,
-1,0,0,0,1,0,
 0,0,0,0,0,0,
+0,1,1,1,1,0,
+0,1,0,0,0,1,
+0,1,1,1,1,0,
+0,1,0,0,0,1,
+0,1,0,0,0,1,
+0,1,1,1,1,0,
 0,0,0,0,0,0,
 0,0,0,0,0,0,
 
 /* Char 216 */
-0,1,0,1,0,0,
-0,0,1,0,0,0,
 0,0,0,0,0,0,
-1,1,1,1,0,0,
-1,0,0,0,1,0,
-1,0,0,0,1,0,
-1,0,0,0,1,0,
-1,1,1,1,0,0,
-1,0,1,0,0,0,
-1,0,0,1,0,0,
-1,0,0,0,1,0,
+0,0,0,0,0,0,
+0,0,0,0,0,0,
+0,0,0,0,0,0,
+0,1,0,0,0,0,
+0,1,0,0,0,0,
+0,1,1,1,1,0,
+0,1,0,0,0,1,
+0,1,0,0,0,1,
+0,1,1,1,1,0,
 0,0,0,0,0,0,
 0,0,0,0,0,0,
 
 /* Char 217 */
-0,0,1,0,0,0,
-0,1,0,1,0,0,
-0,0,1,0,0,0,
-1,0,0,0,1,0,
-1,0,0,0,1,0,
-1,0,0,0,1,0,
-1,0,0,0,1,0,
-1,0,0,0,1,0,
-1,0,0,0,1,0,
-1,0,0,0,1,0,
-0,1,1,1,0,0,
+0,0,0,0,0,0,
+0,0,0,0,0,0,
+0,0,0,0,0,0,
+0,0,0,0,0,0,
+0,1,0,0,0,1,
+0,1,0,0,0,1,
+0,1,1,1,0,1,
+0,1,0,0,1,1,
+0,1,0,0,1,1,
+0,1,1,1,0,1,
 0,0,0,0,0,0,
 0,0,0,0,0,0,
 
 /* Char 218 */
-0,0,0,1,1,0,
-0,1,1,0,0,0,
 0,0,0,0,0,0,
-1,0,0,0,1,0,
-1,0,0,0,1,0,
-1,0,0,0,1,0,
-1,0,0,0,1,0,
-1,0,0,0,1,0,
-1,0,0,0,1,0,
-1,0,0,0,1,0,
-0,1,1,1,0,0,
+0,0,0,0,0,0,
+0,0,0,0,0,0,
+0,0,0,0,0,0,
+0,1,1,1,1,0,
+0,1,0,0,0,1,
+0,0,0,1,1,0,
+0,0,0,0,0,1,
+0,1,0,0,0,1,
+0,0,1,1,1,0,
 0,0,0,0,0,0,
 0,0,0,0,0,0,
 
 /* Char 219 */
-0,0,1,0,0,1,
-0,1,0,0,1,0,
 0,0,0,0,0,0,
-1,0,0,0,1,0,
-1,0,0,0,1,0,
-1,0,0,0,1,0,
-1,0,0,0,1,0,
-1,0,0,0,1,0,
-1,0,0,0,1,0,
-1,0,0,0,1,0,
-0,1,1,1,0,0,
+0,0,0,0,0,0,
+0,0,0,0,0,0,
+0,0,0,0,0,0,
+0,1,0,1,0,1,
+0,1,0,1,0,1,
+0,1,0,1,0,1,
+0,1,0,1,0,1,
+0,1,0,1,0,1,
+0,1,1,1,1,1,
 0,0,0,0,0,0,
 0,0,0,0,0,0,
 
 /* Char 220 */
-0,1,0,1,0,0,
-0,1,0,1,0,0,
 0,0,0,0,0,0,
-1,0,0,0,1,0,
-1,0,0,0,1,0,
-1,0,0,0,1,0,
-1,0,0,0,1,0,
-1,0,0,0,1,0,
-1,0,0,0,1,0,
-1,0,0,0,1,0,
-0,1,1,1,0,0,
+0,0,0,0,0,0,
+0,0,0,0,0,0,
+0,0,0,0,0,0,
+0,0,1,1,1,0,
+0,1,0,0,0,1,
+0,0,0,1,1,1,
+0,0,0,0,0,1,
+0,1,0,0,0,1,
+0,0,1,1,1,0,
 0,0,0,0,0,0,
 0,0,0,0,0,0,
 
 /* Char 221 */
-0,0,0,1,1,0,
-0,1,1,0,0,0,
 0,0,0,0,0,0,
-1,0,0,0,1,0,
-1,0,0,0,1,0,
-0,1,0,1,0,0,
-0,1,0,1,0,0,
-0,0,1,0,0,0,
-0,0,1,0,0,0,
-0,0,1,0,0,0,
-0,0,1,0,0,0,
 0,0,0,0,0,0,
 0,0,0,0,0,0,
+0,0,0,0,0,0,
+0,1,0,1,0,1,
+0,1,0,1,0,1,
+0,1,0,1,0,1,
+0,1,0,1,0,1,
+0,1,0,1,0,1,
+0,1,1,1,1,1,
+0,0,0,0,0,1,
+0,0,0,0,0,0,
 
 /* Char 222 */
 0,0,0,0,0,0,
 0,0,0,0,0,0,
 0,0,0,0,0,0,
-1,1,1,1,1,0,
-0,0,1,0,0,0,
-0,0,1,0,0,0,
-0,0,1,0,0,0,
-0,0,1,0,0,0,
-0,0,1,0,0,0,
-0,0,1,0,0,0,
-0,0,1,0,0,0,
-0,0,0,1,0,0,
-0,0,1,0,0,0,
+0,0,0,0,0,0,
+0,1,0,0,0,1,
+0,1,0,0,0,1,
+0,1,0,0,1,1,
+0,0,1,1,0,1,
+0,0,0,0,0,1,
+0,0,0,0,0,1,
+0,0,0,0,0,0,
+0,0,0,0,0,0,
 
 /* Char 223 */
 0,0,0,0,0,0,
 0,0,0,0,0,0,
 0,0,0,0,0,0,
-0,1,1,1,0,0,
-1,0,0,0,1,0,
-1,0,0,0,1,0,
-1,1,1,1,0,0,
-1,0,0,0,1,0,
-1,0,0,0,1,0,
-1,1,0,0,1,0,
-1,0,1,1,0,0,
-1,0,0,0,0,0,
+0,0,0,0,0,0,
+0,1,1,0,0,0,
+0,0,1,0,0,0,
+0,0,1,1,1,0,
+0,0,1,0,0,1,
+0,0,1,0,0,1,
+0,0,1,1,1,0,
+0,0,0,0,0,0,
 0,0,0,0,0,0,
 
 /* Char 224 */
 0,0,0,0,0,0,
 0,0,0,0,0,0,
-0,0,0,1,1,0,
-0,1,1,0,0,0,
-0,0,0,0,0,0,
-1,0,1,1,0,0,
-1,1,0,0,1,0,
-1,0,0,0,0,0,
-1,0,0,0,0,0,
-1,0,0,0,0,0,
-1,0,0,0,0,0,
+0,1,0,0,1,0,
+0,1,0,1,0,1,
+0,1,0,1,0,1,
+0,1,1,1,0,1,
+0,1,0,1,0,1,
+0,1,0,1,0,1,
+0,1,0,1,0,1,
+0,1,0,0,1,0,
 0,0,0,0,0,0,
 0,0,0,0,0,0,
 
 /* Char 225 */
 0,0,0,0,0,0,
 0,0,0,0,0,0,
-0,0,0,1,1,0,
-0,1,1,0,0,0,
-0,0,0,0,0,0,
-0,1,1,1,0,0,
-0,0,0,0,1,0,
-0,1,1,1,1,0,
-1,0,0,0,1,0,
-1,0,0,1,1,0,
-0,1,1,0,1,0,
+0,0,0,1,0,0,
+0,0,0,1,0,0,
+0,0,1,0,1,0,
+0,0,1,0,1,0,
+0,0,1,1,1,0,
+0,1,0,0,0,1,
+0,1,0,0,0,1,
+0,1,0,0,0,1,
 0,0,0,0,0,0,
 0,0,0,0,0,0,
 
 /* Char 226 */
 0,0,0,0,0,0,
 0,0,0,0,0,0,
-0,0,1,0,0,0,
-0,1,0,1,0,0,
-0,0,0,0,0,0,
-0,1,1,1,0,0,
-0,0,0,0,1,0,
+0,1,1,1,1,1,
+0,1,0,0,0,1,
+0,1,0,0,0,0,
+0,1,1,1,1,0,
+0,1,0,0,0,1,
+0,1,0,0,0,1,
+0,1,0,0,0,1,
 0,1,1,1,1,0,
-1,0,0,0,1,0,
-1,0,0,1,1,0,
-0,1,1,0,1,0,
 0,0,0,0,0,0,
 0,0,0,0,0,0,
 
 /* Char 227 */
 0,0,0,0,0,0,
 0,0,0,0,0,0,
-1,0,0,0,1,0,
-0,1,1,1,0,0,
-0,0,0,0,0,0,
-0,1,1,1,0,0,
-0,0,0,0,1,0,
-0,1,1,1,1,0,
-1,0,0,0,1,0,
-1,0,0,1,1,0,
-0,1,1,0,1,0,
-0,0,0,0,0,0,
+0,1,0,0,1,0,
+0,1,0,0,1,0,
+0,1,0,0,1,0,
+0,1,0,0,1,0,
+0,1,0,0,1,0,
+0,1,0,0,1,0,
+0,1,0,0,1,0,
+0,1,1,1,1,1,
+0,0,0,0,0,1,
 0,0,0,0,0,0,
 
 /* Char 228 */
 0,0,0,0,0,0,
 0,0,0,0,0,0,
+0,0,1,1,1,0,
+0,0,1,0,1,0,
+0,0,1,0,1,0,
+0,0,1,0,1,0,
+0,0,1,0,1,0,
+0,0,1,0,1,0,
 0,1,0,0,1,0,
-0,1,0,0,1,0,
-0,0,0,0,0,0,
-0,1,1,1,0,0,
-0,0,0,0,1,0,
-0,1,1,1,1,0,
-1,0,0,0,1,0,
-1,0,0,1,1,0,
-0,1,1,0,1,0,
-0,0,0,0,0,0,
+1,1,1,1,1,1,
+1,0,0,0,0,1,
 0,0,0,0,0,0,
 
 /* Char 229 */
-0,0,0,1,1,0,
-0,1,1,0,0,0,
 0,0,0,0,0,0,
-0,1,1,0,0,0,
-0,0,1,0,0,0,
-0,0,1,0,0,0,
-0,0,1,0,0,0,
-0,0,1,0,0,0,
-0,0,1,0,0,0,
-0,0,1,0,0,0,
-0,1,1,1,0,0,
+0,0,0,0,0,0,
+0,1,1,1,1,1,
+0,1,0,0,0,1,
+0,1,0,0,0,0,
+0,1,1,1,1,0,
+0,1,0,0,0,0,
+0,1,0,0,0,0,
+0,1,0,0,0,1,
+0,1,1,1,1,1,
 0,0,0,0,0,0,
 0,0,0,0,0,0,
 
 /* Char 230 */
 0,0,0,0,0,0,
-0,0,0,0,0,0,
-0,0,0,1,1,0,
-0,1,1,0,0,0,
-0,0,0,0,0,0,
-0,1,1,1,0,0,
-1,0,0,0,1,0,
-1,0,0,0,0,0,
-1,0,0,0,0,0,
-1,0,0,0,1,0,
-0,1,1,1,0,0,
+0,0,0,1,0,0,
+0,0,1,1,1,0,
+0,1,0,1,0,1,
+0,1,0,1,0,1,
+0,1,0,1,0,1,
+0,1,0,1,0,1,
+0,1,0,1,0,1,
+0,0,1,1,1,0,
+0,0,0,1,0,0,
 0,0,0,0,0,0,
 0,0,0,0,0,0,
 
 /* Char 231 */
 0,0,0,0,0,0,
 0,0,0,0,0,0,
+0,1,1,1,1,1,
+0,0,1,0,0,1,
+0,0,1,0,0,0,
+0,0,1,0,0,0,
+0,0,1,0,0,0,
+0,0,1,0,0,0,
+0,0,1,0,0,0,
+0,1,1,1,0,0,
 0,0,0,0,0,0,
 0,0,0,0,0,0,
-0,0,0,0,0,0,
-0,1,1,1,0,0,
-1,0,0,0,1,0,
-1,0,0,0,0,0,
-1,0,0,0,0,0,
-1,0,0,0,1,0,
-0,1,1,1,0,0,
-0,0,0,1,0,0,
-0,1,1,0,0,0,
 
 /* Char 232 */
 0,0,0,0,0,0,
 0,0,0,0,0,0,
-0,1,0,1,0,0,
-0,0,1,0,0,0,
-0,0,0,0,0,0,
-0,1,1,1,0,0,
-1,0,0,0,1,0,
-1,0,0,0,0,0,
-1,0,0,0,0,0,
-1,0,0,0,1,0,
-0,1,1,1,0,0,
+0,1,0,0,0,1,
+0,0,1,0,1,0,
+0,0,1,0,1,0,
+0,0,0,1,0,0,
+0,0,0,1,0,0,
+0,0,1,0,1,0,
+0,0,1,0,1,0,
+0,1,0,0,0,1,
 0,0,0,0,0,0,
 0,0,0,0,0,0,
 
 /* Char 233 */
 0,0,0,0,0,0,
 0,0,0,0,0,0,
-0,0,0,1,1,0,
-0,1,1,0,0,0,
-0,0,0,0,0,0,
-0,1,1,1,0,0,
-1,0,0,0,1,0,
-1,1,1,1,1,0,
-1,0,0,0,0,0,
-1,0,0,0,0,0,
-0,1,1,1,0,0,
+0,1,0,0,0,1,
+0,1,0,0,0,1,
+0,1,0,0,0,1,
+0,1,0,0,1,1,
+0,1,0,1,0,1,
+0,1,1,0,0,1,
+0,1,0,0,0,1,
+0,1,0,0,0,1,
 0,0,0,0,0,0,
 0,0,0,0,0,0,
 
 /* Char 234 */
+0,0,1,0,1,0,
+0,0,0,1,0,0,
+0,1,0,0,0,1,
+0,1,0,0,0,1,
+0,1,0,0,0,1,
+0,1,0,0,1,1,
+0,1,0,1,0,1,
+0,1,1,0,0,1,
+0,1,0,0,0,1,
+0,1,0,0,0,1,
 0,0,0,0,0,0,
 0,0,0,0,0,0,
-0,0,0,0,0,0,
-0,0,0,0,0,0,
-0,0,0,0,0,0,
-0,1,1,1,0,0,
-1,0,0,0,1,0,
-1,1,1,1,1,0,
-1,0,0,0,0,0,
-1,0,0,0,0,0,
-0,1,1,1,0,0,
-0,0,1,0,0,0,
-0,0,0,1,1,0,
 
 /* Char 235 */
 0,0,0,0,0,0,
 0,0,0,0,0,0,
+0,1,0,0,0,1,
+0,1,0,0,1,0,
 0,1,0,1,0,0,
+0,1,1,0,0,0,
 0,1,0,1,0,0,
-0,0,0,0,0,0,
-0,1,1,1,0,0,
-1,0,0,0,1,0,
-1,1,1,1,1,0,
-1,0,0,0,0,0,
-1,0,0,0,0,0,
-0,1,1,1,0,0,
+0,1,0,0,1,0,
+0,1,0,0,1,0,
+0,1,0,0,0,1,
 0,0,0,0,0,0,
 0,0,0,0,0,0,
 
 /* Char 236 */
 0,0,0,0,0,0,
 0,0,0,0,0,0,
-0,1,0,1,0,0,
-0,0,1,0,0,0,
-0,0,0,0,0,0,
-0,1,1,1,0,0,
-1,0,0,0,1,0,
-1,1,1,1,1,0,
-1,0,0,0,0,0,
-1,0,0,0,0,0,
-0,1,1,1,0,0,
+0,0,1,1,1,1,
+0,0,1,0,0,1,
+0,0,1,0,0,1,
+0,0,1,0,0,1,
+0,0,1,0,0,1,
+0,0,1,0,0,1,
+0,0,1,0,0,1,
+0,1,0,0,0,1,
 0,0,0,0,0,0,
 0,0,0,0,0,0,
 
 /* Char 237 */
 0,0,0,0,0,0,
 0,0,0,0,0,0,
-0,0,0,1,1,0,
-0,1,1,0,0,0,
-0,0,0,0,0,0,
-0,1,1,0,0,0,
-0,0,1,0,0,0,
-0,0,1,0,0,0,
-0,0,1,0,0,0,
-0,0,1,0,0,0,
-0,1,1,1,0,0,
+0,1,0,0,0,1,
+0,1,0,0,0,1,
+0,1,1,0,1,1,
+0,1,0,1,0,1,
+0,1,0,1,0,1,
+0,1,0,1,0,1,
+0,1,0,0,0,1,
+0,1,0,0,0,1,
 0,0,0,0,0,0,
 0,0,0,0,0,0,
 
 /* Char 238 */
 0,0,0,0,0,0,
 0,0,0,0,0,0,
-0,0,1,0,0,0,
-0,1,0,1,0,0,
-0,0,0,0,0,0,
-0,1,1,0,0,0,
-0,0,1,0,0,0,
-0,0,1,0,0,0,
-0,0,1,0,0,0,
-0,0,1,0,0,0,
-0,1,1,1,0,0,
+0,1,0,0,0,1,
+0,1,0,0,0,1,
+0,1,0,0,0,1,
+0,1,1,1,1,1,
+0,1,0,0,0,1,
+0,1,0,0,0,1,
+0,1,0,0,0,1,
+0,1,0,0,0,1,
 0,0,0,0,0,0,
 0,0,0,0,0,0,
 
 /* Char 239 */
 0,0,0,0,0,0,
-0,0,0,0,1,1,
-0,0,0,0,0,1,
-0,0,0,1,1,0,
-0,0,0,1,0,0,
-0,1,0,1,0,0,
-1,0,1,1,0,0,
-1,0,0,1,0,0,
-1,0,0,1,0,0,
-1,0,0,1,0,0,
-0,1,1,0,1,0,
+0,0,0,0,0,0,
+0,0,1,1,1,0,
+0,1,0,0,0,1,
+0,1,0,0,0,1,
+0,1,0,0,0,1,
+0,1,0,0,0,1,
+0,1,0,0,0,1,
+0,1,0,0,0,1,
+0,0,1,1,1,0,
 0,0,0,0,0,0,
 0,0,0,0,0,0,
 
 /* Char 240 */
 0,0,0,0,0,0,
 0,0,0,0,0,0,
-0,0,0,0,1,0,
-0,0,0,1,1,1,
-0,0,0,0,1,0,
-0,1,1,0,1,0,
-1,0,0,1,1,0,
-1,0,0,0,1,0,
-1,0,0,0,1,0,
-1,0,0,1,1,0,
-0,1,1,0,1,0,
+0,1,1,1,1,1,
+0,1,0,0,0,1,
+0,1,0,0,0,1,
+0,1,0,0,0,1,
+0,1,0,0,0,1,
+0,1,0,0,0,1,
+0,1,0,0,0,1,
+0,1,0,0,0,1,
 0,0,0,0,0,0,
 0,0,0,0,0,0,
 
 /* Char 241 */
 0,0,0,0,0,0,
 0,0,0,0,0,0,
-0,0,0,1,1,0,
-0,1,1,0,0,0,
-0,0,0,0,0,0,
-1,0,1,1,0,0,
-1,1,0,0,1,0,
-1,0,0,0,1,0,
-1,0,0,0,1,0,
-1,0,0,0,1,0,
-1,0,0,0,1,0,
+0,0,1,1,1,1,
+0,1,0,0,0,1,
+0,1,0,0,0,1,
+0,1,0,0,0,1,
+0,0,1,1,1,1,
+0,1,0,0,0,1,
+0,1,0,0,0,1,
+0,1,0,0,0,1,
 0,0,0,0,0,0,
 0,0,0,0,0,0,
 
 /* Char 242 */
 0,0,0,0,0,0,
 0,0,0,0,0,0,
-0,1,0,1,0,0,
-0,0,1,0,0,0,
-0,0,0,0,0,0,
-1,0,1,1,0,0,
-1,1,0,0,1,0,
-1,0,0,0,1,0,
-1,0,0,0,1,0,
-1,0,0,0,1,0,
-1,0,0,0,1,0,
+0,1,1,1,1,0,
+0,1,0,0,0,1,
+0,1,0,0,0,1,
+0,1,0,0,0,1,
+0,1,1,1,1,0,
+0,1,0,0,0,0,
+0,1,0,0,0,0,
+0,1,0,0,0,0,
 0,0,0,0,0,0,
 0,0,0,0,0,0,
 
 /* Char 243 */
 0,0,0,0,0,0,
 0,0,0,0,0,0,
-0,0,0,1,1,0,
-0,1,1,0,0,0,
-0,0,0,0,0,0,
-0,1,1,1,0,0,
-1,0,0,0,1,0,
-1,0,0,0,1,0,
-1,0,0,0,1,0,
-1,0,0,0,1,0,
-0,1,1,1,0,0,
+0,0,1,1,1,0,
+0,1,0,0,0,1,
+0,1,0,0,0,0,
+0,1,0,0,0,0,
+0,1,0,0,0,0,
+0,1,0,0,0,0,
+0,1,0,0,0,1,
+0,0,1,1,1,0,
 0,0,0,0,0,0,
 0,0,0,0,0,0,
 
 /* Char 244 */
 0,0,0,0,0,0,
 0,0,0,0,0,0,
-0,0,1,0,0,0,
-0,1,0,1,0,0,
-0,0,0,0,0,0,
-0,1,1,1,0,0,
-1,0,0,0,1,0,
-1,0,0,0,1,0,
-1,0,0,0,1,0,
-1,0,0,0,1,0,
-0,1,1,1,0,0,
+0,1,1,1,1,1,
+0,1,0,1,0,1,
+0,0,0,1,0,0,
+0,0,0,1,0,0,
+0,0,0,1,0,0,
+0,0,0,1,0,0,
+0,0,0,1,0,0,
+0,0,1,1,1,0,
 0,0,0,0,0,0,
 0,0,0,0,0,0,
 
 /* Char 245 */
 0,0,0,0,0,0,
 0,0,0,0,0,0,
+0,1,0,0,0,1,
+0,1,0,0,0,1,
+0,0,1,0,0,1,
+0,0,1,0,0,1,
+0,0,0,1,1,0,
+0,0,0,0,1,0,
 0,1,0,0,1,0,
-1,0,0,1,0,0,
-0,0,0,0,0,0,
-0,1,1,1,0,0,
-1,0,0,0,1,0,
-1,0,0,0,1,0,
-1,0,0,0,1,0,
-1,0,0,0,1,0,
-0,1,1,1,0,0,
+0,0,1,1,0,0,
 0,0,0,0,0,0,
 0,0,0,0,0,0,
 
 /* Char 246 */
 0,0,0,0,0,0,
 0,0,0,0,0,0,
-0,1,0,1,0,0,
-0,1,0,1,0,0,
-0,0,0,0,0,0,
-0,1,1,1,0,0,
-1,0,0,0,1,0,
-1,0,0,0,1,0,
-1,0,0,0,1,0,
-1,0,0,0,1,0,
-0,1,1,1,0,0,
+0,1,0,1,0,1,
+0,1,0,1,0,1,
+0,1,0,1,0,1,
+0,0,1,1,1,0,
+0,1,0,1,0,1,
+0,1,0,1,0,1,
+0,1,0,1,0,1,
+0,1,0,1,0,1,
 0,0,0,0,0,0,
 0,0,0,0,0,0,
 
 /* Char 247 */
 0,0,0,0,0,0,
 0,0,0,0,0,0,
-0,0,0,0,0,0,
-0,0,1,0,0,0,
-0,0,1,0,0,0,
-0,0,0,0,0,0,
-1,1,1,1,1,0,
-0,0,0,0,0,0,
-0,0,1,0,0,0,
-0,0,1,0,0,0,
-0,0,0,0,0,0,
+0,1,1,1,1,0,
+0,1,0,0,0,1,
+0,1,0,0,0,1,
+0,1,1,1,1,0,
+0,1,0,0,0,1,
+0,1,0,0,0,1,
+0,1,0,0,0,1,
+0,1,1,1,1,0,
 0,0,0,0,0,0,
 0,0,0,0,0,0,
 
 /* Char 248 */
 0,0,0,0,0,0,
 0,0,0,0,0,0,
-0,1,0,1,0,0,
-0,0,1,0,0,0,
-0,0,0,0,0,0,
-1,0,1,1,0,0,
-1,1,0,0,1,0,
-1,0,0,0,0,0,
-1,0,0,0,0,0,
-1,0,0,0,0,0,
-1,0,0,0,0,0,
+0,1,0,0,0,0,
+0,1,0,0,0,0,
+0,1,0,0,0,0,
+0,1,1,1,1,0,
+0,1,0,0,0,1,
+0,1,0,0,0,1,
+0,1,0,0,0,1,
+0,1,1,1,1,0,
 0,0,0,0,0,0,
 0,0,0,0,0,0,
 
 /* Char 249 */
 0,0,0,0,0,0,
 0,0,0,0,0,0,
-0,0,1,0,0,0,
-0,1,0,1,0,0,
-0,0,1,0,0,0,
-1,0,0,0,1,0,
-1,0,0,0,1,0,
-1,0,0,0,1,0,
-1,0,0,0,1,0,
-1,0,0,1,1,0,
-0,1,1,0,1,0,
+0,1,0,0,0,1,
+0,1,0,0,0,1,
+0,1,0,0,0,1,
+0,1,1,1,0,1,
+0,1,0,0,1,1,
+0,1,0,0,1,1,
+0,1,0,0,1,1,
+0,1,1,1,0,1,
 0,0,0,0,0,0,
 0,0,0,0,0,0,
 
 /* Char 250 */
 0,0,0,0,0,0,
 0,0,0,0,0,0,
+0,1,0,1,1,0,
+0,1,1,0,0,1,
+0,1,0,0,0,1,
 0,0,0,1,1,0,
-0,1,1,0,0,0,
-0,0,0,0,0,0,
-1,0,0,0,1,0,
-1,0,0,0,1,0,
-1,0,0,0,1,0,
-1,0,0,0,1,0,
-1,0,0,1,1,0,
-0,1,1,0,1,0,
+0,0,0,0,0,1,
+0,1,0,0,0,1,
+0,1,0,0,0,1,
+0,0,1,1,1,0,
 0,0,0,0,0,0,
 0,0,0,0,0,0,
 
 /* Char 251 */
 0,0,0,0,0,0,
 0,0,0,0,0,0,
-0,1,0,0,1,0,
-1,0,0,1,0,0,
-0,0,0,0,0,0,
-1,0,0,0,1,0,
-1,0,0,0,1,0,
-1,0,0,0,1,0,
-1,0,0,0,1,0,
-1,0,0,1,1,0,
-0,1,1,0,1,0,
+0,1,0,1,0,1,
+0,1,0,1,0,1,
+0,1,0,1,0,1,
+0,1,0,1,0,1,
+0,1,0,1,0,1,
+0,1,0,1,0,1,
+0,1,0,1,0,1,
+0,1,1,1,1,1,
 0,0,0,0,0,0,
 0,0,0,0,0,0,
 
 /* Char 252 */
 0,0,0,0,0,0,
 0,0,0,0,0,0,
-0,1,0,1,0,0,
-0,1,0,1,0,0,
-0,0,0,0,0,0,
-1,0,0,0,1,0,
-1,0,0,0,1,0,
-1,0,0,0,1,0,
-1,0,0,0,1,0,
-1,0,0,1,1,0,
-0,1,1,0,1,0,
+0,0,1,1,1,0,
+0,1,0,0,0,1,
+0,1,0,0,0,1,
+0,0,0,1,1,1,
+0,0,0,0,0,1,
+0,1,0,0,0,1,
+0,1,0,0,0,1,
+0,0,1,1,1,0,
 0,0,0,0,0,0,
 0,0,0,0,0,0,
 
 /* Char 253 */
 0,0,0,0,0,0,
 0,0,0,0,0,0,
-0,0,0,1,1,0,
-0,1,1,0,0,0,
+0,1,0,1,0,1,
+0,1,0,1,0,1,
+0,1,0,1,0,1,
+0,1,0,1,0,1,
+0,1,0,1,0,1,
+0,1,0,1,0,1,
+0,1,0,1,0,1,
+0,1,1,1,1,1,
+0,0,0,0,0,1,
 0,0,0,0,0,0,
-1,0,0,0,1,0,
-1,0,0,0,1,0,
-1,0,0,0,1,0,
-1,0,0,1,1,0,
-0,1,1,0,1,0,
-0,0,0,0,1,0,
-0,0,0,1,0,0,
-1,1,1,0,0,0,
 
 /* Char 254 */
 0,0,0,0,0,0,
 0,0,0,0,0,0,
+0,1,0,0,0,1,
+0,1,0,0,0,1,
+0,1,0,0,0,1,
+0,1,0,0,0,1,
+0,1,0,0,1,1,
+0,0,1,1,0,1,
+0,0,0,0,0,1,
+0,0,0,0,0,1,
+0,0,0,0,0,0,
 0,0,0,0,0,0,
-0,1,0,0,0,0,
-0,1,0,0,0,0,
-1,1,1,1,0,0,
-0,1,0,0,0,0,
-0,1,0,0,0,0,
-0,1,0,0,0,0,
-0,1,0,0,1,0,
-0,0,1,1,0,0,
-0,0,0,1,0,0,
-0,0,1,0,0,0,
 
 /* Char 255 */
 0,0,0,0,0,0,
 0,0,0,0,0,0,
+1,1,1,0,0,0,
+1,0,1,0,0,0,
 0,0,1,0,0,0,
-0,0,1,0,0,0,
-0,0,0,0,0,0,
-0,0,0,0,0,0,
-0,0,0,0,0,0,
-0,0,0,0,0,0,
-0,0,0,0,0,0,
-0,0,0,0,0,0,
-0,0,0,0,0,0,
+0,0,1,1,1,0,
+0,0,1,0,0,1,
+0,0,1,0,0,1,
+0,0,1,0,0,1,
+0,0,1,1,1,0,
 0,0,0,0,0,0,
 0,0,0,0,0,0,
 
@@ -3859,7 +3604,7 @@
 	256,
 	0,
 	6,
-	13,
+	12,
 	gdFontSmallData
 };
 
