--- icqlib-1.2/cyrillic.c.orig	Sun Apr  1 18:11:32 2001
+++ icqlib-1.2/cyrillic.c	Sun Apr  1 18:17:36 2001
@@ -39,8 +39,8 @@
 
 BYTE kw[] = {128,129,130,131,132,133,134,135,136,137,138,139,140,141,142,143,
              144,145,146,147,148,149,150,151,152,153,154,155,156,157,158,159,
-             160,161,162,184,164,165,166,167,168,169,170,171,172,173,174,175,
-             176,177,178,168,180,181,182,183,184,185,186,187,188,189,190,191,
+             160,161,162,184,186,165,179,191,168,169,170,171,172,180,174,175,
+             176,177,178,168,170,181,178,175,184,185,170,187,188,165,190,169,
              254,224,225,246,228,229,244,227,245,232,233,234,235,236,237,238,
              239,255,240,241,242,243,230,226,252,251,231,248,253,249,247,250,
              222,192,193,214,196,197,212,195,213,200,201,202,203,204,205,206,
@@ -48,8 +48,8 @@
 
 BYTE wk[] = {128,129,130,131,132,133,134,135,136,137,138,139,140,141,142,143,
              144,145,146,147,148,149,150,151,152,153,154,155,156,157,158,159,
-             160,161,162,163,164,165,166,167,179,169,170,171,172,173,174,175,
-             176,177,178,179,180,181,182,183,163,185,186,187,188,189,190,191,
+             160,161,162,163,164,189,166,167,179,191,180,171,172,173,174,183,
+             176,177,182,166,173,181,182,183,163,185,164,187,188,189,190,167,
              225,226,247,231,228,229,246,250,233,234,235,236,237,238,239,240,
              242,243,244,245,230,232,227,254,251,253,255,249,248,252,224,241,
              193,194,215,199,196,197,214,218,201,202,203,204,205,206,207,208,
@@ -62,6 +62,11 @@
 This function will convert string from windows 1251 to koi8
 or from koi8 to windows 1251.
 Andrew Frolov dron@ilm.net
+*********************************************************
+Fixed for win1251<->koi8-u convertion. Now all Ukrainian letters
+		are transcoded!
+Kunytsa Olexander aka Cawko Xakep 	UKMA InterNet Project
+xakep@snark.ukma.kiev.ua 		#19983820
 *********************************************************/
 
 extern int icq_Russian;
